2.400000000000000000e+01 0.000000000000000000e+00 0.000000000000000000e+00
4.150000000000000000e+02 4.220433734939758708e+00 1.751480000000000018e+03
4.520000000000000000e+02 1.897831858407079464e+00 8.578199999999999363e+02
4.650000000000000000e+02 1.786279569892473162e+00 8.306200000000000045e+02
4.650000000000000000e+02 2.000344086021505152e+00 9.301599999999999682e+02
4.650000000000000000e+02 1.382666666666666710e+00 6.429400000000000546e+02
4.650000000000000000e+02 1.386666666666666492e+00 6.447999999999999545e+02
4.650000000000000000e+02 8.649677419354838692e-01 4.022099999999999795e+02
4.650000000000000000e+02 1.502430107526881775e+00 6.986299999999999955e+02
4.660000000000000000e+02 8.779828326180256770e-01 4.091399999999999864e+02
4.660000000000000000e+02 1.174570815450643790e+00 5.473500000000000227e+02
4.660000000000000000e+02 1.225922746781115791e+00 5.712799999999999727e+02
4.660000000000000000e+02 1.226223175965665213e+00 5.714199999999999591e+02
4.720000000000000000e+02 7.720127118644067865e-01 3.643899999999999864e+02
4.700000000000000000e+02 5.540638297872341189e-01 2.604100000000000250e+02
4.700000000000000000e+02 7.998085106382979426e-01 3.759100000000000250e+02
4.880000000000000000e+02 7.612499999999999822e-01 3.714900000000000091e+02
4.920000000000000000e+02 8.301219512195121553e-01 4.084199999999999591e+02
4.920000000000000000e+02 4.486585365853658636e-01 2.207400000000000091e+02
4.920000000000000000e+02 5.357520325203252165e-01 2.635900000000000318e+02
4.900000000000000000e+02 2.775102040816326832e-01 1.359800000000000182e+02
4.890000000000000000e+02 1.460736196319018243e-01 7.142999999999999261e+01
4.920000000000000000e+02 1.331910569105690945e-01 6.553000000000000114e+01
4.910000000000000000e+02 8.782077393075357619e-02 4.312000000000000455e+01
4.910000000000000000e+02 1.384928716904277159e-03 6.800000000000000488e-01
4.900000000000000000e+02 7.610204081632652995e-02 3.728999999999999915e+01
4.840000000000000000e+02 1.142975206611570316e-01 5.532000000000000028e+01
4.860000000000000000e+02 0.000000000000000000e+00 0.000000000000000000e+00
4.900000000000000000e+02 3.141428571428571681e-01 1.539300000000000068e+02
4.870000000000000000e+02 4.517453798767967488e-02 2.200000000000000000e+01
4.900000000000000000e+02 1.489795918367347108e-02 7.300000000000000711e+00
4.900000000000000000e+02 3.635714285714286009e-01 1.781500000000000057e+02
4.920000000000000000e+02 7.234349593495935649e-01 3.559300000000000068e+02
4.910000000000000000e+02 5.421792260692464005e-01 2.662099999999999795e+02
4.920000000000000000e+02 1.455487804878048685e-01 7.160999999999999943e+01
4.910000000000000000e+02 6.317718940936863092e-02 3.101999999999999957e+01
4.910000000000000000e+02 9.955193482688391715e-02 4.888000000000000256e+01
4.920000000000000000e+02 7.156504065040650286e-02 3.521000000000000085e+01
4.900000000000000000e+02 4.602448979591837186e-01 2.255200000000000102e+02
4.920000000000000000e+02 3.424999999999999711e-01 1.685099999999999909e+02
4.920000000000000000e+02 1.974796747967479671e-01 9.715999999999999659e+01
4.890000000000000000e+02 5.316973415132924402e-02 2.600000000000000000e+01
4.870000000000000000e+02 6.570841889117043670e-04 3.200000000000000067e-01
4.870000000000000000e+02 3.914373716632443267e-01 1.906299999999999955e+02
4.880000000000000000e+02 4.901229508196721651e-01 2.391800000000000068e+02
4.900000000000000000e+02 5.732653061224489699e-01 2.808999999999999773e+02
4.900000000000000000e+02 2.414081632653061193e-01 1.182899999999999920e+02
4.880000000000000000e+02 2.157172131147540861e-01 1.052699999999999960e+02
4.870000000000000000e+02 1.291170431211498826e-01 6.287999999999999545e+01
4.880000000000000000e+02 3.187704918032787105e-01 1.555600000000000023e+02
4.890000000000000000e+02 1.029018404907975359e+00 5.031899999999999977e+02
4.900000000000000000e+02 9.020612244897958654e-01 4.420099999999999909e+02
4.910000000000000000e+02 2.483503054989816550e-01 1.219399999999999977e+02
4.890000000000000000e+02 4.106339468302658280e-02 2.007999999999999829e+01
4.870000000000000000e+02 5.349075975359342261e-02 2.604999999999999716e+01
4.860000000000000000e+02 5.318930041152263033e-02 2.584999999999999787e+01
4.830000000000000000e+02 4.673291925465838381e-01 2.257199999999999989e+02
4.820000000000000000e+02 6.012863070539419263e-01 2.898199999999999932e+02
4.840000000000000000e+02 2.085330578512396837e-01 1.009300000000000068e+02
4.860000000000000000e+02 3.802469135802469258e-01 1.848000000000000114e+02
4.860000000000000000e+02 1.843004115226337392e-01 8.956999999999999318e+01
4.850000000000000000e+02 1.553195876288659683e-01 7.532999999999999829e+01
4.830000000000000000e+02 4.635196687370600199e-01 2.238799999999999955e+02
4.870000000000000000e+02 1.511498973305954729e-01 7.360999999999999943e+01
4.890000000000000000e+02 9.220858895705522085e-02 4.509000000000000341e+01
4.870000000000000000e+02 4.281314168377823443e-02 2.085000000000000142e+01
4.890000000000000000e+02 4.501635991820041038e-01 2.201299999999999955e+02
4.910000000000000000e+02 2.186558044806517220e-01 1.073599999999999994e+02
4.910000000000000000e+02 2.779633401221996425e-01 1.364800000000000182e+02
4.920000000000000000e+02 4.220934959349593729e-01 2.076700000000000159e+02
4.920000000000000000e+02 5.146341463414633860e-02 2.532000000000000028e+01
4.880000000000000000e+02 5.057377049180327572e-02 2.467999999999999972e+01
4.880000000000000000e+02 1.791803278688524625e-01 8.743999999999999773e+01
4.890000000000000000e+02 1.545603271983640448e-01 7.558000000000001251e+01
4.870000000000000000e+02 1.172279260780287602e-01 5.709000000000000341e+01
4.840000000000000000e+02 1.147107438016528730e-01 5.551999999999998892e+01
4.860000000000000000e+02 2.273662551440329138e-01 1.105000000000000000e+02
4.890000000000000000e+02 1.647239263803681186e-01 8.055000000000001137e+01
4.890000000000000000e+02 5.539877300613497285e-02 2.709000000000000341e+01
4.890000000000000000e+02 2.537832310838445890e-02 1.241000000000000014e+01
4.880000000000000000e+02 1.278073770491803263e-01 6.237000000000000455e+01
4.880000000000000000e+02 1.382172131147540728e-01 6.744999999999998863e+01
4.850000000000000000e+02 6.997938144329896026e-02 3.393999999999999773e+01
4.890000000000000000e+02 4.126380368098160334e-01 2.017800000000000296e+02
4.890000000000000000e+02 6.662372188139059626e-01 3.257900000000000205e+02
4.890000000000000000e+02 1.350920245398773145e-01 6.606000000000000227e+01
4.880000000000000000e+02 1.557172131147541161e-01 7.599000000000000909e+01
4.850000000000000000e+02 1.672371134020618766e-01 8.111000000000001364e+01
4.840000000000000000e+02 6.188016528925619625e-02 2.994999999999999929e+01
4.870000000000000000e+02 3.867556468172484441e-01 1.883499999999999943e+02
4.860000000000000000e+02 4.669135802469135954e-01 2.269200000000000159e+02
4.880000000000000000e+02 3.512909836065574165e-01 1.714300000000000068e+02
4.910000000000000000e+02 3.874338085539714704e-01 1.902299999999999898e+02
4.920000000000000000e+02 8.220528455284553671e-01 4.044500000000000455e+02
4.920000000000000000e+02 4.977845528455284163e-01 2.449099999999999682e+02
4.900000000000000000e+02 1.320612244897959031e-01 6.470999999999999375e+01
4.890000000000000000e+02 7.218200408997955675e-01 3.529700000000000273e+02
4.890000000000000000e+02 5.188343558282207946e-01 2.537099999999999795e+02
4.870000000000000000e+02 1.003696098562628369e-01 4.888000000000000256e+01
4.890000000000000000e+02 3.779141104294478359e-02 1.848000000000000043e+01
