2.400000000000000000e+01 0.000000000000000000e+00 0.000000000000000000e+00
2.950000000000000000e+02 6.057457627118643551e+00 1.786949999999999818e+03
2.950000000000000000e+02 6.440915254237287613e+00 1.900069999999999936e+03
2.950000000000000000e+02 6.468677966101695098e+00 1.908259999999999991e+03
2.950000000000000000e+02 6.272067796610170554e+00 1.850260000000000218e+03
2.950000000000000000e+02 6.178440677966102079e+00 1.822640000000000100e+03
2.950000000000000000e+02 6.145152542372881221e+00 1.812819999999999936e+03
2.950000000000000000e+02 6.299762711864406839e+00 1.858430000000000064e+03
2.950000000000000000e+02 5.481966101694915494e+00 1.617180000000000064e+03
2.950000000000000000e+02 5.818067796610169040e+00 1.716329999999999927e+03
2.950000000000000000e+02 4.905796610169491423e+00 1.447210000000000036e+03
2.950000000000000000e+02 5.351830508474575865e+00 1.578789999999999964e+03
2.950000000000000000e+02 5.015457627118643735e+00 1.479559999999999945e+03
2.950000000000000000e+02 5.541016949152542281e+00 1.634599999999999909e+03
2.950000000000000000e+02 6.359457627118644041e+00 1.876039999999999964e+03
2.950000000000000000e+02 6.314474576271186024e+00 1.862769999999999982e+03
2.950000000000000000e+02 5.413898305084746454e+00 1.597100000000000136e+03
2.950000000000000000e+02 5.281118644067796630e+00 1.557930000000000064e+03
2.950000000000000000e+02 5.113491525423729200e+00 1.508480000000000018e+03
2.950000000000000000e+02 4.229898305084745402e+00 1.247819999999999936e+03
2.950000000000000000e+02 4.531152542372881342e+00 1.336690000000000055e+03
2.950000000000000000e+02 5.025966101694915089e+00 1.482659999999999854e+03
2.950000000000000000e+02 5.387118644067795614e+00 1.589199999999999818e+03
2.950000000000000000e+02 5.878169491525424561e+00 1.734060000000000173e+03
2.950000000000000000e+02 5.407084745762712252e+00 1.595090000000000146e+03
2.950000000000000000e+02 4.590779661016949120e+00 1.354279999999999973e+03
2.950000000000000000e+02 5.520813559322034436e+00 1.628640000000000100e+03
2.950000000000000000e+02 5.244305084745761292e+00 1.547069999999999709e+03
2.950000000000000000e+02 4.547050847457626332e+00 1.341379999999999882e+03
2.950000000000000000e+02 4.530372881355932080e+00 1.336460000000000036e+03
2.950000000000000000e+02 4.741322033898304866e+00 1.398690000000000055e+03
2.950000000000000000e+02 5.347593220338983322e+00 1.577539999999999964e+03
2.950000000000000000e+02 5.866644067796610074e+00 1.730659999999999854e+03
2.950000000000000000e+02 5.711525423728813777e+00 1.684900000000000091e+03
2.950000000000000000e+02 5.908847457627118160e+00 1.743109999999999900e+03
2.950000000000000000e+02 5.284576271186439911e+00 1.558949999999999818e+03
2.950000000000000000e+02 4.244745762711863435e+00 1.252199999999999818e+03
2.950000000000000000e+02 4.079932203389830647e+00 1.203580000000000155e+03
2.950000000000000000e+02 4.592101694915254662e+00 1.354670000000000073e+03
2.950000000000000000e+02 4.411288135593220083e+00 1.301329999999999927e+03
2.950000000000000000e+02 5.104338983050846323e+00 1.505779999999999745e+03
2.950000000000000000e+02 5.359898305084746184e+00 1.581170000000000073e+03
2.950000000000000000e+02 6.291084745762711705e+00 1.855869999999999891e+03
2.950000000000000000e+02 5.466779661016950342e+00 1.612700000000000273e+03
2.950000000000000000e+02 4.819016949152542750e+00 1.421610000000000127e+03
2.950000000000000000e+02 3.963322033898305286e+00 1.169180000000000064e+03
2.950000000000000000e+02 4.204677966101694864e+00 1.240380000000000109e+03
2.950000000000000000e+02 4.416711864406780208e+00 1.302930000000000064e+03
2.950000000000000000e+02 4.644203389830508399e+00 1.370039999999999964e+03
2.950000000000000000e+02 4.949152542372881491e+00 1.460000000000000000e+03
2.950000000000000000e+02 5.625694915254237038e+00 1.659579999999999927e+03
2.950000000000000000e+02 5.840440677966102001e+00 1.722930000000000064e+03
2.950000000000000000e+02 5.858406779661017083e+00 1.728230000000000018e+03
2.950000000000000000e+02 5.971389830508475605e+00 1.761560000000000173e+03
2.950000000000000000e+02 4.399694915254237948e+00 1.297910000000000082e+03
2.950000000000000000e+02 4.324067796610169268e+00 1.275599999999999909e+03
2.950000000000000000e+02 5.073355932203389429e+00 1.496639999999999873e+03
2.950000000000000000e+02 5.502711864406780506e+00 1.623300000000000182e+03
2.950000000000000000e+02 6.834847457627118317e+00 2.016279999999999973e+03
2.950000000000000000e+02 6.291322033898305577e+00 1.855940000000000055e+03
2.950000000000000000e+02 6.305016949152542516e+00 1.859980000000000018e+03
2.950000000000000000e+02 5.761084745762711457e+00 1.699519999999999982e+03
2.950000000000000000e+02 6.707355932203389770e+00 1.978670000000000073e+03
2.950000000000000000e+02 4.938271186440677418e+00 1.456789999999999964e+03
2.950000000000000000e+02 5.496881355932202950e+00 1.621579999999999927e+03
2.950000000000000000e+02 4.583118644067796232e+00 1.352019999999999982e+03
2.950000000000000000e+02 4.619152542372881420e+00 1.362650000000000091e+03
2.950000000000000000e+02 5.648372881355932407e+00 1.666269999999999982e+03
2.950000000000000000e+02 4.822237288135593047e+00 1.422559999999999945e+03
2.950000000000000000e+02 5.185864406779661095e+00 1.529829999999999927e+03
2.950000000000000000e+02 5.087186440677966104e+00 1.500720000000000027e+03
2.950000000000000000e+02 4.666338983050848377e+00 1.376570000000000164e+03
2.950000000000000000e+02 4.822271186440678648e+00 1.422570000000000164e+03
2.950000000000000000e+02 5.448813559322034372e+00 1.607400000000000091e+03
2.950000000000000000e+02 5.267932203389831258e+00 1.554040000000000191e+03
2.950000000000000000e+02 5.938406779661016266e+00 1.751829999999999927e+03
2.950000000000000000e+02 6.521152542372880667e+00 1.923739999999999782e+03
2.950000000000000000e+02 6.888610169491524715e+00 2.032139999999999873e+03
2.950000000000000000e+02 6.144644067796610543e+00 1.812670000000000073e+03
2.950000000000000000e+02 6.235389830508474951e+00 1.839440000000000055e+03
2.950000000000000000e+02 4.370915254237288217e+00 1.289420000000000073e+03
2.950000000000000000e+02 4.797457627118643764e+00 1.415250000000000000e+03
2.950000000000000000e+02 4.433932203389829851e+00 1.308009999999999764e+03
2.950000000000000000e+02 4.569355932203389870e+00 1.347960000000000036e+03
2.950000000000000000e+02 5.569830508474575836e+00 1.643099999999999909e+03
2.950000000000000000e+02 5.647186440677966601e+00 1.665920000000000073e+03
2.950000000000000000e+02 5.384338983050847460e+00 1.588380000000000109e+03
2.950000000000000000e+02 4.684542372881356442e+00 1.381940000000000055e+03
2.950000000000000000e+02 4.267999999999999794e+00 1.259059999999999945e+03
2.950000000000000000e+02 5.222508474576271098e+00 1.540639999999999873e+03
2.950000000000000000e+02 4.320440677966102427e+00 1.274530000000000200e+03
2.950000000000000000e+02 4.167932203389830725e+00 1.229539999999999964e+03
2.950000000000000000e+02 4.755661016949153108e+00 1.402920000000000073e+03
2.950000000000000000e+02 5.137966101694914300e+00 1.515699999999999818e+03
2.950000000000000000e+02 4.345491525423729406e+00 1.281920000000000073e+03
2.950000000000000000e+02 5.634983050847456987e+00 1.662319999999999936e+03
2.950000000000000000e+02 5.670406779661017360e+00 1.672770000000000209e+03
2.950000000000000000e+02 4.697016949152541976e+00 1.385619999999999891e+03
2.950000000000000000e+02 4.185186440677966857e+00 1.234630000000000109e+03
2.950000000000000000e+02 5.545864406779661415e+00 1.636030000000000200e+03
