2.400000000000000000e+01 0.000000000000000000e+00 0.000000000000000000e+00
2.950000000000000000e+02 8.633254237288134902e+00 2.546809999999999945e+03
2.950000000000000000e+02 7.106203389830508144e+00 2.096329999999999927e+03
2.950000000000000000e+02 6.889288135593220730e+00 2.032340000000000146e+03
2.950000000000000000e+02 7.035966101694915764e+00 2.075610000000000127e+03
2.950000000000000000e+02 7.236745762711865204e+00 2.134840000000000146e+03
2.950000000000000000e+02 5.961220338983050482e+00 1.758559999999999945e+03
2.950000000000000000e+02 6.547016949152541621e+00 1.931369999999999891e+03
2.950000000000000000e+02 6.142677966101694587e+00 1.812089999999999918e+03
2.950000000000000000e+02 6.246305084745761960e+00 1.842659999999999854e+03
2.950000000000000000e+02 6.106711864406779711e+00 1.801480000000000018e+03
2.950000000000000000e+02 6.254271186440678143e+00 1.845009999999999991e+03
2.950000000000000000e+02 5.883288135593219614e+00 1.735569999999999709e+03
2.950000000000000000e+02 5.917966101694915437e+00 1.745799999999999955e+03
2.950000000000000000e+02 5.610847457627119006e+00 1.655200000000000045e+03
2.950000000000000000e+02 6.477389830508474056e+00 1.910829999999999927e+03
2.950000000000000000e+02 6.045966101694914663e+00 1.783559999999999945e+03
2.950000000000000000e+02 5.902169491525423695e+00 1.741140000000000100e+03
2.950000000000000000e+02 6.285050847457626766e+00 1.854089999999999918e+03
2.950000000000000000e+02 6.603898305084745957e+00 1.948150000000000091e+03
2.950000000000000000e+02 5.912338983050847929e+00 1.744140000000000100e+03
2.950000000000000000e+02 6.062779661016948651e+00 1.788519999999999982e+03
2.950000000000000000e+02 5.936677966101695070e+00 1.751320000000000164e+03
2.950000000000000000e+02 6.800271186440677518e+00 2.006079999999999927e+03
2.950000000000000000e+02 5.926338983050848164e+00 1.748270000000000209e+03
2.950000000000000000e+02 5.822135593220339800e+00 1.717530000000000200e+03
2.950000000000000000e+02 5.426779661016949419e+00 1.600900000000000091e+03
2.950000000000000000e+02 6.106271186440677567e+00 1.801349999999999909e+03
2.950000000000000000e+02 5.452406779661017389e+00 1.608460000000000036e+03
2.950000000000000000e+02 4.882067796610169985e+00 1.440210000000000036e+03
2.950000000000000000e+02 5.757830508474576447e+00 1.698559999999999945e+03
2.950000000000000000e+02 5.369322033898304980e+00 1.583950000000000045e+03
2.950000000000000000e+02 5.531864406779661181e+00 1.631900000000000091e+03
2.950000000000000000e+02 5.394338983050847247e+00 1.591329999999999927e+03
2.950000000000000000e+02 4.501220338983051406e+00 1.327860000000000127e+03
2.950000000000000000e+02 4.276949152542372623e+00 1.261700000000000045e+03
2.950000000000000000e+02 4.572779661016949326e+00 1.348970000000000027e+03
2.940000000000000000e+02 4.294659863945578415e+00 1.262630000000000109e+03
2.950000000000000000e+02 5.519796610169491302e+00 1.628339999999999918e+03
2.950000000000000000e+02 4.953254237288136075e+00 1.461210000000000036e+03
2.950000000000000000e+02 4.276101694915254825e+00 1.261450000000000045e+03
2.950000000000000000e+02 4.607762711864406668e+00 1.359289999999999964e+03
2.950000000000000000e+02 4.771762711864407258e+00 1.407670000000000073e+03
2.950000000000000000e+02 4.920440677966101184e+00 1.451529999999999973e+03
2.950000000000000000e+02 5.745661016949152433e+00 1.694970000000000027e+03
2.950000000000000000e+02 5.653355932203390388e+00 1.667740000000000236e+03
2.950000000000000000e+02 6.578372881355933011e+00 1.940620000000000118e+03
2.950000000000000000e+02 6.275016949152543155e+00 1.851130000000000109e+03
2.950000000000000000e+02 5.599186440677965670e+00 1.651759999999999991e+03
2.950000000000000000e+02 4.858203389830508812e+00 1.433170000000000073e+03
2.950000000000000000e+02 5.997728813559321637e+00 1.769329999999999927e+03
2.950000000000000000e+02 6.097220338983050603e+00 1.798679999999999836e+03
2.950000000000000000e+02 4.785355932203390061e+00 1.411680000000000064e+03
2.950000000000000000e+02 5.267322033898305556e+00 1.553860000000000127e+03
2.950000000000000000e+02 5.851593220338982881e+00 1.726220000000000027e+03
2.950000000000000000e+02 6.149220338983051093e+00 1.814019999999999982e+03
2.950000000000000000e+02 5.779118644067796851e+00 1.704840000000000146e+03
2.950000000000000000e+02 5.775050847457627867e+00 1.703640000000000100e+03
2.950000000000000000e+02 5.470677966101694878e+00 1.613849999999999909e+03
2.950000000000000000e+02 5.391118644067796950e+00 1.590380000000000109e+03
2.950000000000000000e+02 5.359322033898305193e+00 1.581000000000000000e+03
2.950000000000000000e+02 6.090474576271186713e+00 1.796690000000000055e+03
2.950000000000000000e+02 5.767762711864406810e+00 1.701490000000000009e+03
2.950000000000000000e+02 5.524915254237288131e+00 1.629849999999999909e+03
2.950000000000000000e+02 6.464915254237287634e+00 1.907149999999999864e+03
2.950000000000000000e+02 5.633016949152542807e+00 1.661740000000000009e+03
2.950000000000000000e+02 5.258474576271185974e+00 1.551249999999999773e+03
2.950000000000000000e+02 6.389999999999999680e+00 1.885049999999999955e+03
2.950000000000000000e+02 5.640711864406779519e+00 1.664009999999999991e+03
2.950000000000000000e+02 5.472610169491525234e+00 1.614420000000000073e+03
2.950000000000000000e+02 6.045389830508474560e+00 1.783390000000000100e+03
2.950000000000000000e+02 6.062203389830508549e+00 1.788349999999999909e+03
2.950000000000000000e+02 5.142677966101695475e+00 1.517090000000000146e+03
2.950000000000000000e+02 5.091796610169491366e+00 1.502079999999999927e+03
2.950000000000000000e+02 4.818847457627118303e+00 1.421559999999999945e+03
2.950000000000000000e+02 4.150813559322034330e+00 1.224490000000000009e+03
2.950000000000000000e+02 4.888372881355932620e+00 1.442070000000000164e+03
2.950000000000000000e+02 5.149084745762712245e+00 1.518980000000000018e+03
2.950000000000000000e+02 6.061423728813559286e+00 1.788119999999999891e+03
2.950000000000000000e+02 5.735355932203389351e+00 1.691929999999999836e+03
2.950000000000000000e+02 6.573796610169491572e+00 1.939269999999999982e+03
2.950000000000000000e+02 6.278881355932202979e+00 1.852269999999999982e+03
2.950000000000000000e+02 5.678644067796610351e+00 1.675200000000000045e+03
2.950000000000000000e+02 4.882305084745762969e+00 1.440279999999999973e+03
2.950000000000000000e+02 6.011661016949152447e+00 1.773440000000000055e+03
2.950000000000000000e+02 6.036508474576271155e+00 1.780769999999999982e+03
2.950000000000000000e+02 5.758033898305084719e+00 1.698619999999999891e+03
2.950000000000000000e+02 5.415457627118644091e+00 1.597559999999999945e+03
2.950000000000000000e+02 5.016406779661016557e+00 1.479839999999999918e+03
2.950000000000000000e+02 4.618745762711863989e+00 1.362529999999999973e+03
2.950000000000000000e+02 4.685830508474576384e+00 1.382319999999999936e+03
2.950000000000000000e+02 4.238677966101694672e+00 1.250409999999999854e+03
2.950000000000000000e+02 5.071491525423729385e+00 1.496090000000000146e+03
2.950000000000000000e+02 5.152406779661016678e+00 1.519960000000000036e+03
2.950000000000000000e+02 4.894033898305085728e+00 1.443740000000000236e+03
2.950000000000000000e+02 5.224033898305084911e+00 1.541090000000000146e+03
2.950000000000000000e+02 5.493966101694915061e+00 1.620720000000000027e+03
2.950000000000000000e+02 5.166440677966101624e+00 1.524099999999999909e+03
2.950000000000000000e+02 5.505322033898305989e+00 1.624070000000000164e+03
2.950000000000000000e+02 5.344915254237288416e+00 1.576750000000000000e+03
