2.400000000000000000e+01 0.000000000000000000e+00 0.000000000000000000e+00
6.140000000000000000e+02 6.865195439739414596e+00 4.215230000000000473e+03
8.970000000000000000e+02 3.666510590858417018e+00 3.288860000000000127e+03
9.050000000000000000e+02 2.884983425414364699e+00 2.610909999999999854e+03
9.200000000000000000e+02 2.777706521739130352e+00 2.555489999999999782e+03
9.290000000000000000e+02 2.409020452099031928e+00 2.237980000000000473e+03
9.380000000000000000e+02 1.966183368869935943e+00 1.844279999999999973e+03
9.480000000000000000e+02 2.292109704641350110e+00 2.172920000000000073e+03
9.610000000000000000e+02 1.893766909469302817e+00 1.819910000000000082e+03
9.670000000000000000e+02 2.055191313340227754e+00 1.987370000000000118e+03
9.670000000000000000e+02 1.855667011375387698e+00 1.794429999999999836e+03
9.700000000000000000e+02 1.559762886597938270e+00 1.512970000000000027e+03
9.770000000000000000e+02 1.699825997952917112e+00 1.660730000000000018e+03
9.830000000000000000e+02 1.695574771108850465e+00 1.666750000000000000e+03
9.850000000000000000e+02 1.987563451776649615e+00 1.957749999999999773e+03
9.850000000000000000e+02 1.641177664974619255e+00 1.616559999999999945e+03
9.850000000000000000e+02 1.551421319796954412e+00 1.528150000000000091e+03
9.850000000000000000e+02 1.446558375634517724e+00 1.424859999999999900e+03
9.850000000000000000e+02 1.437441624365482395e+00 1.415880000000000109e+03
9.850000000000000000e+02 1.931411167512690374e+00 1.902440000000000055e+03
9.850000000000000000e+02 1.442365482233502583e+00 1.420730000000000018e+03
9.850000000000000000e+02 1.568974619289340122e+00 1.545440000000000055e+03
9.850000000000000000e+02 1.345289340101522901e+00 1.325110000000000127e+03
9.850000000000000000e+02 1.454142131979695440e+00 1.432329999999999927e+03
9.850000000000000000e+02 1.636538071065989586e+00 1.611989999999999782e+03
9.850000000000000000e+02 1.256152284263959418e+00 1.237309999999999945e+03
9.850000000000000000e+02 1.624883248730964347e+00 1.600509999999999991e+03
9.850000000000000000e+02 1.342223350253807235e+00 1.322090000000000146e+03
9.850000000000000000e+02 1.531705583756345135e+00 1.508730000000000018e+03
9.850000000000000000e+02 1.616781725888325028e+00 1.592530000000000200e+03
9.870000000000000000e+02 1.349159067882472085e+00 1.331619999999999891e+03
9.870000000000000000e+02 1.664123606889564400e+00 1.642490000000000009e+03
9.870000000000000000e+02 1.265764944275582726e+00 1.249310000000000173e+03
9.870000000000000000e+02 1.378601823708206497e+00 1.360679999999999836e+03
9.870000000000000000e+02 1.556666666666666643e+00 1.536430000000000064e+03
9.870000000000000000e+02 1.285410334346504424e+00 1.268699999999999818e+03
9.870000000000000000e+02 1.403870314083079940e+00 1.385619999999999891e+03
9.870000000000000000e+02 9.863323201621073677e-01 9.735099999999999909e+02
9.870000000000000000e+02 1.149138804457953356e+00 1.134200000000000045e+03
9.850000000000000000e+02 1.061786802030457055e+00 1.045860000000000127e+03
9.860000000000000000e+02 8.370892494929007555e-01 8.253700000000001182e+02
9.860000000000000000e+02 8.305983772819472977e-01 8.189700000000000273e+02
9.830000000000000000e+02 7.008850457782299648e-01 6.889700000000000273e+02
9.840000000000000000e+02 8.981910569105689968e-01 8.838199999999999363e+02
9.840000000000000000e+02 6.791768292682925923e-01 6.683099999999999454e+02
9.820000000000000000e+02 5.029633401221995648e-01 4.939099999999999682e+02
9.800000000000000000e+02 5.194591836734693269e-01 5.090699999999999363e+02
9.770000000000000000e+02 3.542476970317297580e-01 3.460999999999999659e+02
9.760000000000000000e+02 5.445184426229509045e-01 5.314500000000000455e+02
9.770000000000000000e+02 5.213101330603888695e-01 5.093199999999999363e+02
9.770000000000000000e+02 2.978915046059364968e-01 2.910399999999999636e+02
9.780000000000000000e+02 3.840184049079753970e-01 3.755699999999999363e+02
9.740000000000000000e+02 2.067248459958932472e-01 2.013500000000000227e+02
9.720000000000000000e+02 3.039300411522633527e-01 2.954199999999999591e+02
9.690000000000000000e+02 2.935913312693498312e-01 2.844900000000000091e+02
9.670000000000000000e+02 3.659048603929679344e-01 3.538299999999999841e+02
9.670000000000000000e+02 3.198241985522233266e-01 3.092699999999999818e+02
9.680000000000000000e+02 1.816838842975206647e-01 1.758700000000000045e+02
9.670000000000000000e+02 2.718304033092037164e-01 2.628600000000000136e+02
9.630000000000000000e+02 1.684839044652128859e-01 1.622500000000000000e+02
9.620000000000000000e+02 1.888461538461538580e-01 1.816700000000000159e+02
9.620000000000000000e+02 2.068087318087317994e-01 1.989499999999999886e+02
9.610000000000000000e+02 1.294276795005202818e-01 1.243799999999999955e+02
9.640000000000000000e+02 3.369709543568464860e-01 3.248400000000000318e+02
9.600000000000000000e+02 1.593124999999999958e-01 1.529399999999999977e+02
9.640000000000000000e+02 2.770539419087136856e-01 2.670799999999999841e+02
9.620000000000000000e+02 1.453326403326403449e-01 1.398100000000000023e+02
9.610000000000000000e+02 1.332049947970863624e-01 1.280099999999999909e+02
9.570000000000000000e+02 3.356948798328108774e-01 3.212599999999999909e+02
9.570000000000000000e+02 1.955694879832810817e-01 1.871599999999999966e+02
9.550000000000000000e+02 2.355497382198953327e-01 2.249500000000000455e+02
9.560000000000000000e+02 8.332635983263597668e-02 7.965999999999999659e+01
9.510000000000000000e+02 2.271819137749737372e-01 2.160500000000000114e+02
9.540000000000000000e+02 2.865723270440251325e-01 2.733899999999999864e+02
9.520000000000000000e+02 1.958193277310924518e-01 1.864200000000000159e+02
9.540000000000000000e+02 2.610062893081760982e-01 2.490000000000000000e+02
9.550000000000000000e+02 2.130680628272251520e-01 2.034800000000000182e+02
9.570000000000000000e+02 2.045559038662486950e-01 1.957599999999999909e+02
9.520000000000000000e+02 2.498739495798319166e-01 2.378799999999999955e+02
9.540000000000000000e+02 1.334276729559748242e-01 1.272899999999999920e+02
9.520000000000000000e+02 2.405987394957982972e-01 2.290499999999999829e+02
9.510000000000000000e+02 1.153838065194531942e-01 1.097299999999999898e+02
9.490000000000000000e+02 1.284720758693361220e-01 1.219199999999999875e+02
9.450000000000000000e+02 1.471851851851851689e-01 1.390899999999999750e+02
9.490000000000000000e+02 1.566701791359325635e-01 1.486800000000000068e+02
9.510000000000000000e+02 2.723764458464773552e-01 2.590299999999999727e+02
9.490000000000000000e+02 2.299367755532139013e-01 2.182099999999999795e+02
9.500000000000000000e+02 3.236210526315789204e-01 3.074399999999999977e+02
9.520000000000000000e+02 1.630147058823529782e-01 1.551900000000000261e+02
9.520000000000000000e+02 1.496008403361344385e-01 1.424199999999999875e+02
9.490000000000000000e+02 2.822971548998945979e-01 2.678999999999999773e+02
9.450000000000000000e+02 2.464656084656084434e-01 2.329099999999999682e+02
9.510000000000000000e+02 2.149001051524710992e-01 2.043700000000000045e+02
9.530000000000000000e+02 1.907030430220356954e-01 1.817400000000000091e+02
9.570000000000000000e+02 2.601880877742946963e-01 2.490000000000000000e+02
9.530000000000000000e+02 2.535781741867785821e-01 2.416599999999999966e+02
9.530000000000000000e+02 1.380167890870933889e-01 1.315300000000000011e+02
9.500000000000000000e+02 2.856526315789473802e-01 2.713700000000000045e+02
9.520000000000000000e+02 1.597899159663865587e-01 1.521200000000000045e+02
9.530000000000000000e+02 3.498845750262328802e-01 3.334399999999999409e+02
