2.100000000000000000e+01 0.000000000000000000e+00 0.000000000000000000e+00
3.900000000000000000e+01 1.340512820512820502e+00 5.228000000000000114e+01
3.900000000000000000e+01 6.495641025641025301e+00 2.533299999999999841e+02
3.900000000000000000e+01 7.949487179487178423e+00 3.100299999999999727e+02
3.900000000000000000e+01 5.101025641025641377e+00 1.989399999999999977e+02
3.900000000000000000e+01 7.061025641025641342e+00 2.753799999999999955e+02
3.900000000000000000e+01 4.044358974358974734e+00 1.577300000000000182e+02
3.900000000000000000e+01 2.339230769230769003e+00 9.122999999999998977e+01
3.900000000000000000e+01 5.116410256410255819e+00 1.995399999999999920e+02
3.900000000000000000e+01 2.435897435897435681e+00 9.499999999999998579e+01
3.900000000000000000e+01 6.453076923076922711e+00 2.516699999999999875e+02
3.900000000000000000e+01 7.405384615384616787e+00 2.888100000000000591e+02
3.900000000000000000e+01 2.156153846153846310e+00 8.409000000000000341e+01
3.900000000000000000e+01 3.938461538461538236e+00 1.535999999999999943e+02
3.900000000000000000e+01 3.873589743589743506e+00 1.510699999999999932e+02
3.900000000000000000e+01 3.981794871794871682e+00 1.552899999999999920e+02
3.900000000000000000e+01 5.358461538461538609e+00 2.089799999999999898e+02
3.900000000000000000e+01 4.517948717948717108e-01 1.761999999999999744e+01
3.900000000000000000e+01 3.657692307692308020e+00 1.426500000000000057e+02
3.900000000000000000e+01 4.520512820512820440e+00 1.763000000000000114e+02
3.900000000000000000e+01 3.914102564102564408e+00 1.526500000000000057e+02
3.900000000000000000e+01 4.764615384615384031e+00 1.858199999999999932e+02
3.900000000000000000e+01 3.035897435897436214e+00 1.184000000000000057e+02
3.900000000000000000e+01 1.538717948717948758e+00 6.000999999999999801e+01
3.900000000000000000e+01 2.376666666666666483e+00 9.268999999999999773e+01
3.900000000000000000e+01 2.434615384615384848e+00 9.495000000000000284e+01
3.900000000000000000e+01 2.812051282051281742e+00 1.096699999999999875e+02
3.900000000000000000e+01 4.373589743589743506e+00 1.705699999999999932e+02
3.900000000000000000e+01 8.123076923076922862e-01 3.167999999999999972e+01
3.900000000000000000e+01 2.453333333333333144e+00 9.567999999999999261e+01
3.900000000000000000e+01 3.382051282051282026e+00 1.319000000000000057e+02
3.900000000000000000e+01 2.472564102564102306e+00 9.642999999999999261e+01
3.900000000000000000e+01 2.877179487179487349e+00 1.122100000000000080e+02
3.900000000000000000e+01 7.743589743589743835e-01 3.020000000000000284e+01
3.900000000000000000e+01 2.860256410256410753e+00 1.115500000000000114e+02
3.900000000000000000e+01 4.595384615384615401e+00 1.792199999999999989e+02
3.900000000000000000e+01 2.282307692307692371e+00 8.901000000000000512e+01
3.900000000000000000e+01 4.624615384615385238e+00 1.803600000000000136e+02
3.900000000000000000e+01 3.384358974358974592e+00 1.319900000000000091e+02
3.900000000000000000e+01 0.000000000000000000e+00 0.000000000000000000e+00
3.900000000000000000e+01 1.869487179487179462e+00 7.290999999999999659e+01
3.900000000000000000e+01 2.018717948717948296e+00 7.872999999999998977e+01
3.900000000000000000e+01 2.814102564102564319e+00 1.097500000000000000e+02
3.900000000000000000e+01 4.722307692307691873e+00 1.841699999999999875e+02
3.900000000000000000e+01 1.062051282051282186e+00 4.142000000000000171e+01
3.900000000000000000e+01 1.928205128205128016e+00 7.519999999999998863e+01
3.900000000000000000e+01 3.725128205128205305e+00 1.452800000000000011e+02
3.900000000000000000e+01 2.033846153846153637e+00 7.931999999999999318e+01
3.900000000000000000e+01 2.462051282051282097e+00 9.601999999999999602e+01
3.900000000000000000e+01 7.853846153846154587e-01 3.063000000000000256e+01
3.900000000000000000e+01 1.799230769230769189e+00 7.017000000000000171e+01
3.900000000000000000e+01 3.470512820512820173e+00 1.353499999999999943e+02
3.900000000000000000e+01 2.258461538461538964e+00 8.808000000000001251e+01
3.900000000000000000e+01 3.791282051282051757e+00 1.478600000000000136e+02
3.900000000000000000e+01 3.807692307692307487e+00 1.485000000000000000e+02
3.900000000000000000e+01 1.173846153846153983e+00 4.578000000000000824e+01
3.900000000000000000e+01 2.108461538461538165e+00 8.222999999999998977e+01
3.900000000000000000e+01 2.214871794871795085e+00 8.638000000000000966e+01
3.900000000000000000e+01 2.543846153846153868e+00 9.920999999999999375e+01
3.900000000000000000e+01 3.799743589743589833e+00 1.481899999999999977e+02
3.900000000000000000e+01 5.956410256410256121e-01 2.322999999999999687e+01
3.900000000000000000e+01 2.195128205128205057e+00 8.560999999999999943e+01
3.900000000000000000e+01 2.505897435897435965e+00 9.773000000000000398e+01
3.900000000000000000e+01 1.577948717948717938e+00 6.153999999999999915e+01
3.900000000000000000e+01 1.557435897435897276e+00 6.073999999999999488e+01
3.900000000000000000e+01 1.028461538461538538e+00 4.010999999999999943e+01
3.900000000000000000e+01 1.952307692307692299e+00 7.614000000000000057e+01
3.900000000000000000e+01 2.568461538461538574e+00 1.001700000000000017e+02
3.900000000000000000e+01 2.276666666666666394e+00 8.878999999999999204e+01
3.900000000000000000e+01 3.882307692307691571e+00 1.514099999999999682e+02
3.900000000000000000e+01 4.493846153846154046e+00 1.752600000000000193e+02
3.900000000000000000e+01 1.702820512820512722e+00 6.640999999999999659e+01
3.900000000000000000e+01 2.011025641025640631e+00 7.842999999999999261e+01
3.900000000000000000e+01 2.282307692307691926e+00 8.900999999999999091e+01
3.900000000000000000e+01 3.855897435897436498e+00 1.503800000000000239e+02
3.900000000000000000e+01 5.105641025641024733e+00 1.991199999999999761e+02
3.900000000000000000e+01 7.023076923076922995e-01 2.739000000000000057e+01
3.900000000000000000e+01 2.798461538461538112e+00 1.091399999999999864e+02
3.900000000000000000e+01 2.843333333333333268e+00 1.108900000000000006e+02
3.900000000000000000e+01 2.361282051282051153e+00 9.209000000000000341e+01
3.900000000000000000e+01 3.162564102564102253e+00 1.233399999999999892e+02
3.900000000000000000e+01 6.430769230769229905e-01 2.507999999999999829e+01
3.900000000000000000e+01 2.042564102564103035e+00 7.966000000000001080e+01
3.900000000000000000e+01 2.702820512820513166e+00 1.054100000000000108e+02
3.900000000000000000e+01 9.869230769230770139e-01 3.849000000000000199e+01
3.900000000000000000e+01 2.581282051282051793e+00 1.006700000000000159e+02
3.900000000000000000e+01 2.416153846153846096e+00 9.423000000000000398e+01
3.900000000000000000e+01 1.013846153846153841e+00 3.953999999999999915e+01
3.900000000000000000e+01 2.478461538461538272e+00 9.665999999999999659e+01
3.900000000000000000e+01 2.057179487179487065e+00 8.022999999999998977e+01
3.900000000000000000e+01 2.247435897435897445e+00 8.765000000000000568e+01
3.900000000000000000e+01 2.787435897435897481e+00 1.087099999999999937e+02
3.900000000000000000e+01 2.512820512820512775e-02 9.799999999999999822e-01
3.900000000000000000e+01 1.606666666666666687e+00 6.265999999999999659e+01
3.900000000000000000e+01 3.303589743589743666e+00 1.288400000000000034e+02
3.900000000000000000e+01 2.807435897435897498e+00 1.094899999999999949e+02
3.900000000000000000e+01 2.930512820512820138e+00 1.142899999999999920e+02
3.900000000000000000e+01 1.146923076923076934e+00 4.473000000000000398e+01
3.900000000000000000e+01 1.362307692307692220e+00 5.312999999999999545e+01
3.900000000000000000e+01 2.664871794871795263e+00 1.039300000000000068e+02
