2.400000000000000000e+01 0.000000000000000000e+00 0.000000000000000000e+00
2.950000000000000000e+02 7.625152542372881648e+00 2.249420000000000073e+03
2.950000000000000000e+02 7.727152542372881960e+00 2.279510000000000218e+03
2.950000000000000000e+02 6.389864406779660833e+00 1.885009999999999991e+03
2.950000000000000000e+02 5.901288135593220296e+00 1.740879999999999882e+03
2.950000000000000000e+02 6.193898305084746703e+00 1.827200000000000273e+03
2.950000000000000000e+02 6.753220338983051185e+00 1.992200000000000045e+03
2.950000000000000000e+02 6.060576271186440600e+00 1.787869999999999891e+03
2.950000000000000000e+02 5.689220338983050240e+00 1.678319999999999936e+03
2.950000000000000000e+02 5.619559322033897963e+00 1.657769999999999982e+03
2.950000000000000000e+02 5.426711864406779995e+00 1.600880000000000109e+03
2.950000000000000000e+02 5.717457627118644581e+00 1.686650000000000091e+03
2.950000000000000000e+02 5.495288135593220602e+00 1.621110000000000127e+03
2.950000000000000000e+02 4.585322033898305172e+00 1.352670000000000073e+03
2.950000000000000000e+02 5.066101694915253084e+00 1.494499999999999773e+03
2.950000000000000000e+02 5.470203389830508911e+00 1.613710000000000036e+03
2.950000000000000000e+02 6.062813559322034251e+00 1.788530000000000200e+03
2.950000000000000000e+02 5.123728813559321971e+00 1.511500000000000000e+03
2.950000000000000000e+02 4.583694915254237223e+00 1.352190000000000055e+03
2.950000000000000000e+02 6.316949152542372659e+00 1.863500000000000000e+03
2.950000000000000000e+02 6.372271186440678470e+00 1.879820000000000164e+03
2.950000000000000000e+02 6.285254237288135926e+00 1.854150000000000091e+03
2.950000000000000000e+02 5.411457627118644531e+00 1.596380000000000109e+03
2.950000000000000000e+02 5.763864406779660499e+00 1.700339999999999918e+03
2.950000000000000000e+02 6.479355932203389123e+00 1.911409999999999854e+03
2.950000000000000000e+02 5.602677966101694551e+00 1.652789999999999964e+03
2.950000000000000000e+02 5.639423728813558689e+00 1.663629999999999882e+03
2.950000000000000000e+02 5.271762711864407258e+00 1.555170000000000073e+03
2.950000000000000000e+02 5.931355932203389969e+00 1.749750000000000000e+03
2.950000000000000000e+02 5.321220338983049913e+00 1.569759999999999764e+03
2.950000000000000000e+02 5.311694915254237870e+00 1.566950000000000045e+03
2.950000000000000000e+02 4.156949152542373405e+00 1.226300000000000182e+03
2.950000000000000000e+02 5.370067796610169530e+00 1.584170000000000073e+03
2.950000000000000000e+02 5.904983050847457449e+00 1.741970000000000027e+03
2.950000000000000000e+02 5.648372881355932407e+00 1.666269999999999982e+03
2.950000000000000000e+02 5.383932203389830917e+00 1.588259999999999991e+03
2.950000000000000000e+02 4.428915254237288934e+00 1.306530000000000200e+03
2.950000000000000000e+02 5.755389830508475413e+00 1.697840000000000146e+03
2.950000000000000000e+02 5.975627118644067259e+00 1.762809999999999945e+03
2.950000000000000000e+02 4.775627118644067970e+00 1.408809999999999945e+03
2.950000000000000000e+02 3.714983050847457946e+00 1.095920000000000073e+03
2.950000000000000000e+02 4.657186440677966388e+00 1.373870000000000118e+03
2.950000000000000000e+02 5.503898305084745424e+00 1.623649999999999864e+03
2.950000000000000000e+02 4.730440677966101681e+00 1.395480000000000018e+03
2.950000000000000000e+02 3.715491525423728625e+00 1.096069999999999936e+03
2.950000000000000000e+02 3.695254237288136068e+00 1.090100000000000136e+03
2.950000000000000000e+02 4.390813559322033655e+00 1.295289999999999964e+03
2.950000000000000000e+02 4.616881355932203057e+00 1.361979999999999791e+03
2.950000000000000000e+02 3.996576271186440099e+00 1.178989999999999782e+03
2.950000000000000000e+02 4.457220338983050922e+00 1.314880000000000109e+03
2.950000000000000000e+02 4.916203389830508641e+00 1.450279999999999973e+03
2.950000000000000000e+02 5.517593220338983251e+00 1.627690000000000055e+03
2.950000000000000000e+02 4.427627118644068105e+00 1.306150000000000091e+03
2.950000000000000000e+02 4.083220338983050368e+00 1.204549999999999955e+03
2.950000000000000000e+02 4.153762711864406931e+00 1.225360000000000127e+03
2.950000000000000000e+02 5.567999999999999616e+00 1.642559999999999945e+03
2.950000000000000000e+02 5.774033898305084733e+00 1.703339999999999918e+03
2.950000000000000000e+02 4.818237288135593488e+00 1.421380000000000109e+03
2.950000000000000000e+02 4.365762711864406675e+00 1.287900000000000091e+03
2.950000000000000000e+02 5.575999999999999623e+00 1.644919999999999845e+03
2.950000000000000000e+02 5.893322033898305001e+00 1.738529999999999973e+03
2.950000000000000000e+02 5.223322033898305072e+00 1.540880000000000109e+03
2.950000000000000000e+02 4.515728813559321431e+00 1.332139999999999873e+03
2.950000000000000000e+02 4.629661016949152774e+00 1.365750000000000000e+03
2.950000000000000000e+02 5.766305084745762422e+00 1.701059999999999945e+03
2.950000000000000000e+02 5.359762711864406448e+00 1.581129999999999882e+03
2.950000000000000000e+02 4.637220338983050638e+00 1.367980000000000018e+03
2.950000000000000000e+02 3.514949152542372168e+00 1.036909999999999854e+03
2.950000000000000000e+02 5.427355932203389521e+00 1.601069999999999936e+03
2.950000000000000000e+02 5.613830508474576320e+00 1.656079999999999927e+03
2.950000000000000000e+02 6.101355932203389010e+00 1.799899999999999864e+03
2.950000000000000000e+02 6.158101694915253610e+00 1.816639999999999873e+03
2.950000000000000000e+02 4.969966101694915039e+00 1.466139999999999873e+03
2.950000000000000000e+02 5.555898305084746802e+00 1.638990000000000236e+03
2.950000000000000000e+02 6.242745762711864543e+00 1.841610000000000127e+03
2.950000000000000000e+02 5.494711864406778723e+00 1.620939999999999827e+03
2.950000000000000000e+02 4.503728813559321864e+00 1.328599999999999909e+03
2.950000000000000000e+02 4.439728813559320919e+00 1.309719999999999800e+03
2.950000000000000000e+02 5.144271186440677823e+00 1.517559999999999945e+03
2.950000000000000000e+02 4.909762711864407159e+00 1.448380000000000109e+03
2.950000000000000000e+02 4.957559322033898042e+00 1.462480000000000018e+03
2.950000000000000000e+02 5.159864406779661294e+00 1.522160000000000082e+03
2.950000000000000000e+02 5.818576271186440607e+00 1.716480000000000018e+03
2.950000000000000000e+02 5.692135593220338130e+00 1.679179999999999836e+03
2.950000000000000000e+02 5.304440677966102413e+00 1.564810000000000173e+03
2.950000000000000000e+02 4.681152542372881697e+00 1.380940000000000055e+03
2.950000000000000000e+02 5.343525423728813450e+00 1.576339999999999918e+03
2.950000000000000000e+02 6.283050847457626986e+00 1.853500000000000000e+03
2.950000000000000000e+02 4.782508474576271595e+00 1.410840000000000146e+03
2.950000000000000000e+02 4.305932203389830626e+00 1.270250000000000000e+03
2.950000000000000000e+02 4.707457627118643018e+00 1.388699999999999818e+03
2.950000000000000000e+02 5.435118644067797433e+00 1.603360000000000127e+03
2.950000000000000000e+02 5.090000000000000746e+00 1.501550000000000182e+03
2.950000000000000000e+02 4.977830508474576199e+00 1.468460000000000036e+03
2.950000000000000000e+02 5.379932203389831358e+00 1.587080000000000155e+03
2.950000000000000000e+02 5.275728813559322106e+00 1.556339999999999918e+03
2.950000000000000000e+02 5.930508474576271283e+00 1.749500000000000000e+03
2.950000000000000000e+02 5.918033898305084861e+00 1.745819999999999936e+03
2.950000000000000000e+02 4.865932203389830235e+00 1.435449999999999818e+03
2.950000000000000000e+02 4.395559322033898653e+00 1.296690000000000055e+03
