2.400000000000000000e+01 0.000000000000000000e+00 0.000000000000000000e+00
5.320000000000000000e+02 6.505375939849624700e+00 3.460860000000000127e+03
5.670000000000000000e+02 4.745696649029982339e+00 2.690809999999999945e+03
5.900000000000000000e+02 3.494694915254237255e+00 2.061869999999999891e+03
5.910000000000000000e+02 3.777715736040609507e+00 2.232630000000000109e+03
5.910000000000000000e+02 3.908189509306260412e+00 2.309739999999999782e+03
5.910000000000000000e+02 4.066175972927241311e+00 2.403109999999999673e+03
5.910000000000000000e+02 3.621793570219966174e+00 2.140480000000000018e+03
5.910000000000000000e+02 2.745685279187817240e+00 1.622700000000000045e+03
5.910000000000000000e+02 2.947072758037224904e+00 1.741720000000000027e+03
5.910000000000000000e+02 2.489255499153975926e+00 1.471149999999999864e+03
5.910000000000000000e+02 2.453891708967851137e+00 1.450250000000000000e+03
5.910000000000000000e+02 2.704568527918781662e+00 1.598400000000000091e+03
5.910000000000000000e+02 2.383451776649745835e+00 1.408619999999999891e+03
5.910000000000000000e+02 2.743959390862944048e+00 1.621679999999999836e+03
5.910000000000000000e+02 2.574467005076142012e+00 1.521509999999999991e+03
5.910000000000000000e+02 2.689627749576988247e+00 1.589570000000000164e+03
5.910000000000000000e+02 2.903350253807106540e+00 1.715879999999999882e+03
5.910000000000000000e+02 2.496277495769881227e+00 1.475299999999999727e+03
5.910000000000000000e+02 2.184737732656514275e+00 1.291180000000000064e+03
5.910000000000000000e+02 1.908426395939086584e+00 1.127880000000000109e+03
5.910000000000000000e+02 2.626125211505922152e+00 1.552039999999999964e+03
5.910000000000000000e+02 2.838950930626057634e+00 1.677820000000000164e+03
5.910000000000000000e+02 2.617174280879864590e+00 1.546750000000000000e+03
5.910000000000000000e+02 2.557512690355329799e+00 1.511490000000000009e+03
5.910000000000000000e+02 2.689187817258883229e+00 1.589309999999999945e+03
5.910000000000000000e+02 2.809576988155668253e+00 1.660460000000000036e+03
5.910000000000000000e+02 2.265769881556683352e+00 1.339069999999999936e+03
5.910000000000000000e+02 2.341489001692047101e+00 1.383819999999999936e+03
5.910000000000000000e+02 2.501489001692047243e+00 1.478379999999999882e+03
5.910000000000000000e+02 2.393384094754653191e+00 1.414490000000000009e+03
5.910000000000000000e+02 2.865346869712352085e+00 1.693420000000000073e+03
5.910000000000000000e+02 3.560626057529610922e+00 2.104329999999999927e+03
5.910000000000000000e+02 3.483739424703892418e+00 2.058890000000000327e+03
5.910000000000000000e+02 2.741912013536379256e+00 1.620470000000000255e+03
5.910000000000000000e+02 2.550135363790186016e+00 1.507129999999999882e+03
5.910000000000000000e+02 2.655769881556683476e+00 1.569559999999999945e+03
5.910000000000000000e+02 2.497580372250423508e+00 1.476070000000000164e+03
5.910000000000000000e+02 2.896159052453469052e+00 1.711630000000000109e+03
5.910000000000000000e+02 2.623705583756345217e+00 1.550610000000000127e+03
5.910000000000000000e+02 2.892876480541455297e+00 1.709690000000000055e+03
5.910000000000000000e+02 2.804162436548223170e+00 1.657259999999999991e+03
5.910000000000000000e+02 2.243333333333333179e+00 1.325809999999999945e+03
5.910000000000000000e+02 2.175516074450084769e+00 1.285730000000000018e+03
5.910000000000000000e+02 2.456903553299492504e+00 1.452029999999999973e+03
5.910000000000000000e+02 2.344771573604060855e+00 1.385759999999999991e+03
5.910000000000000000e+02 1.872487309644669917e+00 1.106639999999999873e+03
5.910000000000000000e+02 2.491607445008459987e+00 1.472539999999999964e+03
5.910000000000000000e+02 2.632301184433164298e+00 1.555690000000000055e+03
5.910000000000000000e+02 2.722047377326564987e+00 1.608730000000000018e+03
5.910000000000000000e+02 3.010135363790185981e+00 1.778990000000000009e+03
5.910000000000000000e+02 2.688730964467004991e+00 1.589039999999999964e+03
5.910000000000000000e+02 2.191353637901861440e+00 1.295090000000000146e+03
5.910000000000000000e+02 2.772825719120135535e+00 1.638740000000000009e+03
5.910000000000000000e+02 2.413925549915397983e+00 1.426630000000000109e+03
5.910000000000000000e+02 2.828104906937394247e+00 1.671410000000000082e+03
5.910000000000000000e+02 2.276226734348561820e+00 1.345250000000000000e+03
5.910000000000000000e+02 2.160321489001692186e+00 1.276750000000000000e+03
5.910000000000000000e+02 2.568375634517766404e+00 1.517909999999999854e+03
5.910000000000000000e+02 2.968087986463620709e+00 1.754139999999999873e+03
5.910000000000000000e+02 2.647681895093062732e+00 1.564779999999999973e+03
5.910000000000000000e+02 2.692115059221658058e+00 1.591039999999999964e+03
5.910000000000000000e+02 2.790795262267343535e+00 1.649360000000000127e+03
5.910000000000000000e+02 2.601607445008460306e+00 1.537549999999999955e+03
5.910000000000000000e+02 2.421133671742808691e+00 1.430889999999999873e+03
5.910000000000000000e+02 2.457326565143823860e+00 1.452279999999999973e+03
5.910000000000000000e+02 2.401336717428087741e+00 1.419189999999999827e+03
5.910000000000000000e+02 2.763096446700507691e+00 1.632990000000000009e+03
5.910000000000000000e+02 2.877834179357022126e+00 1.700800000000000182e+03
5.910000000000000000e+02 2.442098138747885283e+00 1.443280000000000200e+03
5.910000000000000000e+02 3.121539763113367005e+00 1.844829999999999927e+03
5.910000000000000000e+02 2.801844331641285546e+00 1.655889999999999873e+03
5.910000000000000000e+02 2.313874788494077794e+00 1.367500000000000000e+03
5.910000000000000000e+02 2.355939086294416285e+00 1.392360000000000127e+03
5.910000000000000000e+02 2.885685279187817365e+00 1.705440000000000055e+03
5.910000000000000000e+02 2.536125211505922294e+00 1.498850000000000136e+03
5.910000000000000000e+02 2.956598984771573235e+00 1.747349999999999909e+03
5.910000000000000000e+02 2.819830795262267209e+00 1.666519999999999982e+03
5.910000000000000000e+02 3.071776649746193133e+00 1.815420000000000073e+03
5.910000000000000000e+02 2.846362098138747410e+00 1.682199999999999818e+03
5.910000000000000000e+02 2.800186125211505672e+00 1.654909999999999854e+03
5.910000000000000000e+02 2.332876480541455244e+00 1.378730000000000018e+03
5.910000000000000000e+02 2.690829103214889884e+00 1.590279999999999973e+03
5.910000000000000000e+02 2.198697123519458785e+00 1.299430000000000064e+03
5.910000000000000000e+02 2.881082910321488999e+00 1.702720000000000027e+03
5.910000000000000000e+02 3.021133671742808335e+00 1.785489999999999782e+03
5.910000000000000000e+02 2.630033840947546331e+00 1.554349999999999909e+03
5.910000000000000000e+02 2.728477157360405858e+00 1.612529999999999973e+03
5.910000000000000000e+02 2.833113367174280750e+00 1.674369999999999891e+03
5.910000000000000000e+02 2.584450084602368580e+00 1.527409999999999854e+03
5.910000000000000000e+02 2.180795262267343215e+00 1.288849999999999909e+03
5.910000000000000000e+02 2.422419627749577309e+00 1.431650000000000091e+03
5.910000000000000000e+02 2.896311336717427576e+00 1.711719999999999800e+03
5.910000000000000000e+02 2.674230118443316595e+00 1.580470000000000027e+03
5.910000000000000000e+02 2.429661590524534454e+00 1.435929999999999836e+03
5.910000000000000000e+02 2.551996615905245402e+00 1.508230000000000018e+03
5.910000000000000000e+02 3.071252115059222021e+00 1.815110000000000127e+03
5.910000000000000000e+02 2.663519458544838958e+00 1.574139999999999873e+03
5.910000000000000000e+02 2.160507614213198035e+00 1.276860000000000127e+03
5.910000000000000000e+02 2.421945854483925409e+00 1.431369999999999891e+03
