2.400000000000000000e+01 0.000000000000000000e+00 0.000000000000000000e+00
6.010000000000000000e+02 6.904825291181363234e+00 4.149799999999999272e+03
7.330000000000000000e+02 4.178403819918145246e+00 3.062770000000000437e+03
7.550000000000000000e+02 3.506675496688741678e+00 2.647539999999999964e+03
7.750000000000000000e+02 3.137858064516129364e+00 2.431840000000000146e+03
7.830000000000000000e+02 3.106985951468709928e+00 2.432769999999999982e+03
7.860000000000000000e+02 2.532251908396946583e+00 1.990349999999999909e+03
7.900000000000000000e+02 2.729202531645569252e+00 2.156069999999999709e+03
7.900000000000000000e+02 2.215746835443038076e+00 1.750440000000000055e+03
7.900000000000000000e+02 2.421949367088607641e+00 1.913340000000000146e+03
7.900000000000000000e+02 2.001025316455696146e+00 1.580809999999999945e+03
7.900000000000000000e+02 1.833379746835442914e+00 1.448369999999999891e+03
7.900000000000000000e+02 1.948139240506329140e+00 1.539029999999999973e+03
7.900000000000000000e+02 2.038594936708860939e+00 1.610490000000000009e+03
7.900000000000000000e+02 2.229620253164557031e+00 1.761400000000000091e+03
7.900000000000000000e+02 2.019594936708860811e+00 1.595480000000000018e+03
7.900000000000000000e+02 2.043265822784810393e+00 1.614180000000000064e+03
7.900000000000000000e+02 1.949987341772151828e+00 1.540490000000000009e+03
7.900000000000000000e+02 1.715012658227848208e+00 1.354860000000000127e+03
7.900000000000000000e+02 1.650848101265822931e+00 1.304170000000000073e+03
7.900000000000000000e+02 1.872291139240506386e+00 1.479110000000000127e+03
7.900000000000000000e+02 1.960392405063291266e+00 1.548710000000000036e+03
7.900000000000000000e+02 1.930860759493671086e+00 1.525380000000000109e+03
7.900000000000000000e+02 2.018227848101266098e+00 1.594400000000000091e+03
7.900000000000000000e+02 2.024582278481012576e+00 1.599420000000000073e+03
7.900000000000000000e+02 1.892164556962025346e+00 1.494809999999999945e+03
7.900000000000000000e+02 1.885759493670886133e+00 1.489750000000000000e+03
7.900000000000000000e+02 2.184012658227847847e+00 1.725369999999999891e+03
7.900000000000000000e+02 1.809215189873417673e+00 1.429279999999999973e+03
7.900000000000000000e+02 1.773050632911392421e+00 1.400710000000000036e+03
7.900000000000000000e+02 1.815316455696202480e+00 1.434099999999999909e+03
7.900000000000000000e+02 1.890468354430379749e+00 1.493470000000000027e+03
7.900000000000000000e+02 2.125367088607594823e+00 1.679039999999999964e+03
7.900000000000000000e+02 2.309518987341772078e+00 1.824519999999999982e+03
7.900000000000000000e+02 1.922215189873417884e+00 1.518550000000000182e+03
7.900000000000000000e+02 2.087810126582278158e+00 1.649369999999999891e+03
7.900000000000000000e+02 1.698506329113924185e+00 1.341820000000000164e+03
7.900000000000000000e+02 1.607797468354430270e+00 1.270159999999999854e+03
7.900000000000000000e+02 1.986962025316455493e+00 1.569699999999999818e+03
7.900000000000000000e+02 2.064063291139240253e+00 1.630609999999999900e+03
7.900000000000000000e+02 2.185240506329114041e+00 1.726340000000000146e+03
7.900000000000000000e+02 2.386329113924050560e+00 1.885199999999999818e+03
7.900000000000000000e+02 2.400253164556962471e+00 1.896200000000000273e+03
7.900000000000000000e+02 2.175683544303797845e+00 1.718790000000000191e+03
7.900000000000000000e+02 1.845556962025316494e+00 1.457990000000000009e+03
7.900000000000000000e+02 1.428455696202531655e+00 1.128480000000000018e+03
7.900000000000000000e+02 1.743126582278480941e+00 1.377069999999999936e+03
7.900000000000000000e+02 1.624354430379746805e+00 1.283240000000000009e+03
7.900000000000000000e+02 1.711493670886075957e+00 1.352079999999999927e+03
7.900000000000000000e+02 2.059417721518987499e+00 1.626940000000000055e+03
7.900000000000000000e+02 1.756075949367088773e+00 1.387300000000000182e+03
7.900000000000000000e+02 2.117392405063291072e+00 1.672739999999999782e+03
7.900000000000000000e+02 2.360050632911392388e+00 1.864440000000000055e+03
7.900000000000000000e+02 2.314303797468354240e+00 1.828299999999999955e+03
7.900000000000000000e+02 2.019518987341772043e+00 1.595420000000000073e+03
7.900000000000000000e+02 1.895050632911392530e+00 1.497090000000000146e+03
7.900000000000000000e+02 2.423000000000000043e+00 1.914170000000000073e+03
7.900000000000000000e+02 2.315367088607595214e+00 1.829140000000000100e+03
7.900000000000000000e+02 2.251329113924050773e+00 1.778549999999999955e+03
7.900000000000000000e+02 2.233151898734177188e+00 1.764190000000000055e+03
7.900000000000000000e+02 2.230810126582278841e+00 1.762340000000000146e+03
7.900000000000000000e+02 1.916025316455695959e+00 1.513659999999999854e+03
7.900000000000000000e+02 2.232493670886075865e+00 1.763670000000000073e+03
7.900000000000000000e+02 1.486164556962025429e+00 1.174070000000000164e+03
7.900000000000000000e+02 1.900291139240506411e+00 1.501230000000000018e+03
7.900000000000000000e+02 2.079430379746835644e+00 1.642750000000000000e+03
7.900000000000000000e+02 1.653556962025316324e+00 1.306309999999999945e+03
7.900000000000000000e+02 1.834177215189873422e+00 1.449000000000000000e+03
7.900000000000000000e+02 1.843759493670886096e+00 1.456569999999999936e+03
7.900000000000000000e+02 2.307265822784809739e+00 1.822739999999999782e+03
7.900000000000000000e+02 2.145822784810126560e+00 1.695200000000000045e+03
7.900000000000000000e+02 1.747000000000000108e+00 1.380130000000000109e+03
7.900000000000000000e+02 1.499164556962025552e+00 1.184340000000000146e+03
7.900000000000000000e+02 1.924949367088607532e+00 1.520710000000000036e+03
7.900000000000000000e+02 1.976164556962025198e+00 1.561169999999999845e+03
7.900000000000000000e+02 2.129443037974683595e+00 1.682259999999999991e+03
7.900000000000000000e+02 2.211354430379746550e+00 1.746969999999999800e+03
7.900000000000000000e+02 1.924481012658228130e+00 1.520340000000000146e+03
7.900000000000000000e+02 1.951063291139240707e+00 1.541340000000000146e+03
7.900000000000000000e+02 1.696025316455696430e+00 1.339860000000000127e+03
7.900000000000000000e+02 1.441063291139240476e+00 1.138440000000000055e+03
7.900000000000000000e+02 1.667759493670885940e+00 1.317529999999999973e+03
7.900000000000000000e+02 1.770784810126582176e+00 1.398919999999999845e+03
7.900000000000000000e+02 2.027265822784809934e+00 1.601539999999999964e+03
7.900000000000000000e+02 2.040202531645569639e+00 1.611759999999999991e+03
7.900000000000000000e+02 2.086329113924050738e+00 1.648200000000000045e+03
7.900000000000000000e+02 2.134556962025316196e+00 1.686299999999999955e+03
7.900000000000000000e+02 2.016645569620253209e+00 1.593150000000000091e+03
7.900000000000000000e+02 1.995772151898734359e+00 1.576660000000000082e+03
7.900000000000000000e+02 2.030329113924050688e+00 1.603960000000000036e+03
7.900000000000000000e+02 1.631708860759493618e+00 1.289049999999999955e+03
7.900000000000000000e+02 1.649734177215189890e+00 1.303289999999999964e+03
7.900000000000000000e+02 1.943936708860759532e+00 1.535710000000000036e+03
7.900000000000000000e+02 2.022746835443038016e+00 1.597970000000000027e+03
7.900000000000000000e+02 2.213025316455696334e+00 1.748289999999999964e+03
7.900000000000000000e+02 2.008354430379746702e+00 1.586599999999999909e+03
7.900000000000000000e+02 2.455974683544303705e+00 1.940219999999999800e+03
7.900000000000000000e+02 2.256911392405063221e+00 1.782959999999999809e+03
7.900000000000000000e+02 1.813759493670885847e+00 1.432869999999999891e+03
7.900000000000000000e+02 2.036316455696202787e+00 1.608690000000000055e+03
