2.400000000000000000e+01 0.000000000000000000e+00 0.000000000000000000e+00
5.320000000000000000e+02 3.510695488721804036e+00 1.867689999999999827e+03
6.590000000000000000e+02 1.636722306525037807e+00 1.078599999999999909e+03
6.750000000000000000e+02 1.200844444444444381e+00 8.105699999999999363e+02
6.780000000000000000e+02 8.458407079646017568e-01 5.734800000000000182e+02
6.800000000000000000e+02 9.067352941176469727e-01 6.165799999999999272e+02
6.860000000000000000e+02 8.660349854227404609e-02 5.940999999999999659e+01
6.930000000000000000e+02 3.652525252525252730e-01 2.531200000000000045e+02
6.940000000000000000e+02 6.257925072046108816e-01 4.342999999999999545e+02
6.950000000000000000e+02 8.101582733812948689e-01 5.630599999999999454e+02
6.960000000000000000e+02 1.127543103448275907e+00 7.847699999999999818e+02
6.990000000000000000e+02 7.526895565092990292e-01 5.261299999999999955e+02
7.010000000000000000e+02 4.578601997146932723e-01 3.209599999999999795e+02
7.040000000000000000e+02 2.767471590909090784e-01 1.948299999999999841e+02
7.050000000000000000e+02 1.352907801418439526e-01 9.537999999999999545e+01
7.030000000000000000e+02 5.651493598862020185e-02 3.973000000000000398e+01
7.030000000000000000e+02 1.007112375533428250e-02 7.080000000000000071e+00
7.020000000000000000e+02 9.622507122507122090e-02 6.754999999999999716e+01
6.990000000000000000e+02 1.742489270386266276e-01 1.218000000000000114e+02
7.110000000000000000e+02 5.565400843881856269e-02 3.957000000000000028e+01
7.070000000000000000e+02 1.319943422913719966e-01 9.332000000000000739e+01
7.080000000000000000e+02 1.418926553672316404e-01 1.004600000000000080e+02
7.120000000000000000e+02 1.182865168539325856e-01 8.421999999999999886e+01
7.140000000000000000e+02 2.766526610644257644e-01 1.975300000000000011e+02
7.150000000000000000e+02 2.640419580419580137e-01 1.887899999999999920e+02
7.160000000000000000e+02 1.045949720670390909e-01 7.488999999999998636e+01
7.150000000000000000e+02 2.888111888111888001e-02 2.064999999999999858e+01
7.130000000000000000e+02 2.883590462833099735e-02 2.056000000000000227e+01
7.130000000000000000e+02 1.021458625525946684e-01 7.282999999999999829e+01
7.100000000000000000e+02 3.432957746478872973e-01 2.437399999999999807e+02
7.120000000000000000e+02 1.634831460674157355e-01 1.164000000000000057e+02
7.130000000000000000e+02 1.219635343618513390e-01 8.696000000000000796e+01
7.120000000000000000e+02 2.060533707865168374e-01 1.467099999999999795e+02
7.120000000000000000e+02 7.040730337078651702e-02 5.012999999999999545e+01
7.100000000000000000e+02 1.175492957746478717e-01 8.345999999999999375e+01
7.120000000000000000e+02 3.790730337078651591e-01 2.698999999999999773e+02
7.140000000000000000e+02 3.229411764705882315e-01 2.305799999999999841e+02
7.120000000000000000e+02 3.552528089887640461e-01 2.529399999999999977e+02
7.140000000000000000e+02 6.303921568627450511e-02 4.500999999999999801e+01
7.130000000000000000e+02 1.203927068723702754e-01 8.584000000000000341e+01
7.130000000000000000e+02 3.691725105189341272e-01 2.632200000000000273e+02
7.130000000000000000e+02 4.368723702664796815e-01 3.114900000000000091e+02
7.140000000000000000e+02 5.628291316526611299e-01 4.018600000000000136e+02
7.140000000000000000e+02 2.474929971988795163e-01 1.767099999999999795e+02
7.110000000000000000e+02 1.810689170182840924e-01 1.287399999999999807e+02
7.070000000000000000e+02 7.915134370579916812e-02 5.596000000000000796e+01
7.120000000000000000e+02 1.126264044943820208e-01 8.018999999999999773e+01
7.130000000000000000e+02 3.774193548387096836e-02 2.691000000000000014e+01
7.100000000000000000e+02 2.442816901408450536e-01 1.734399999999999977e+02
7.130000000000000000e+02 2.396493688639551312e-01 1.708700000000000045e+02
7.110000000000000000e+02 9.142053445850914506e-02 6.500000000000000000e+01
7.100000000000000000e+02 4.900000000000000189e-02 3.478999999999999915e+01
7.090000000000000000e+02 7.221438645980254867e-02 5.120000000000000284e+01
7.100000000000000000e+02 5.526760563380280628e-02 3.923999999999999488e+01
7.080000000000000000e+02 1.487994350282485778e-01 1.053499999999999943e+02
7.090000000000000000e+02 7.500705218617771675e-02 5.317999999999999972e+01
7.070000000000000000e+02 3.738330975954737984e-02 2.642999999999999972e+01
7.060000000000000000e+02 6.203966005665721706e-02 4.379999999999999716e+01
7.090000000000000000e+02 1.241184767277856045e-03 8.800000000000000044e-01
7.090000000000000000e+02 3.489421720733427990e-02 2.474000000000000199e+01
7.090000000000000000e+02 3.907616361071932221e-01 2.770500000000000114e+02
7.090000000000000000e+02 2.126093088857546054e-01 1.507400000000000091e+02
7.110000000000000000e+02 2.140225035161744116e-01 1.521700000000000159e+02
7.110000000000000000e+02 1.482700421940928159e-01 1.054199999999999875e+02
7.120000000000000000e+02 1.195224719101123552e-02 8.509999999999999787e+00
7.100000000000000000e+02 1.147887323943661969e-01 8.150000000000000000e+01
7.100000000000000000e+02 3.359295774647887423e-01 2.385099999999999909e+02
7.070000000000000000e+02 3.757142857142857229e-01 2.656299999999999955e+02
7.140000000000000000e+02 7.127450980392156799e-02 5.089000000000000057e+01
7.150000000000000000e+02 3.710349650349649697e-01 2.652899999999999636e+02
7.140000000000000000e+02 1.792016806722688815e-01 1.279499999999999886e+02
7.110000000000000000e+02 6.007032348804499516e-02 4.270999999999999375e+01
7.100000000000000000e+02 1.250281690140845059e-01 8.876999999999999602e+01
7.120000000000000000e+02 4.144662921348314655e-02 2.950999999999999801e+01
7.100000000000000000e+02 2.182957746478873251e-01 1.549900000000000091e+02
7.090000000000000000e+02 2.922143864598025220e-01 2.071800000000000068e+02
7.080000000000000000e+02 4.764124293785310105e-02 3.372999999999999687e+01
7.070000000000000000e+02 6.271570014144270400e-02 4.433999999999999631e+01
7.040000000000000000e+02 2.076704545454545470e-02 1.462000000000000099e+01
7.000000000000000000e+02 6.285714285714285102e-03 4.399999999999999467e+00
6.970000000000000000e+02 7.507890961262553287e-02 5.232999999999999829e+01
6.980000000000000000e+02 4.499283667621775673e-01 3.140499999999999545e+02
6.970000000000000000e+02 2.101721664275466306e-01 1.464900000000000091e+02
6.970000000000000000e+02 1.880774748923959849e-01 1.310900000000000034e+02
6.990000000000000000e+02 5.286123032904149061e-02 3.695000000000000284e+01
6.980000000000000000e+02 4.606017191977078429e-02 3.215000000000000568e+01
6.970000000000000000e+02 7.258249641319942935e-02 5.059000000000000341e+01
7.000000000000000000e+02 7.831428571428571128e-02 5.481999999999999318e+01
6.960000000000000000e+02 2.051436781609194959e-01 1.427799999999999727e+02
6.930000000000000000e+02 7.294372294372293564e-02 5.054999999999999716e+01
6.920000000000000000e+02 5.281791907514450657e-02 3.654999999999999716e+01
6.920000000000000000e+02 2.121387283236994201e-02 1.467999999999999972e+01
6.900000000000000000e+02 1.094202898550724820e-02 7.550000000000000711e+00
6.910000000000000000e+02 2.991172214182344358e-01 2.066899999999999977e+02
6.920000000000000000e+02 1.159682080924855502e-01 8.025000000000000000e+01
6.910000000000000000e+02 7.293777134587553501e-02 5.039999999999999858e+01
6.960000000000000000e+02 2.014655172413793160e-01 1.402199999999999989e+02
7.020000000000000000e+02 1.862108262108262136e-01 1.307199999999999989e+02
7.000000000000000000e+02 2.718571428571428875e-02 1.903000000000000114e+01
7.010000000000000000e+02 2.681883024251069392e-02 1.879999999999999716e+01
