8.000000000000000000e+00 0.000000000000000000e+00 0.000000000000000000e+00
1.000000000000000000e+01 9.602999999999999758e+00 9.603000000000000114e+01
1.000000000000000000e+01 6.209999999999999076e+00 6.209999999999999432e+01
1.000000000000000000e+01 3.940999999999999837e+00 3.940999999999999659e+01
1.000000000000000000e+01 8.509000000000000341e+00 8.509000000000000341e+01
1.000000000000000000e+01 5.330000000000000071e+00 5.329999999999999716e+01
1.000000000000000000e+01 6.633000000000000007e+00 6.632999999999999829e+01
1.000000000000000000e+01 3.610000000000000320e+00 3.610000000000000142e+01
1.000000000000000000e+01 5.195000000000000284e+00 5.195000000000000284e+01
1.000000000000000000e+01 8.275999999999999801e+00 8.275999999999999091e+01
1.000000000000000000e+01 7.609999999999999432e+00 7.609999999999999432e+01
1.000000000000000000e+01 5.642000000000000348e+00 5.642000000000000171e+01
1.000000000000000000e+01 3.107999999999999652e+00 3.107999999999999829e+01
1.000000000000000000e+01 7.147000000000000242e+00 7.146999999999999886e+01
1.000000000000000000e+01 5.610999999999999766e+00 5.610999999999999943e+01
1.000000000000000000e+01 1.671000000000000041e+00 1.671000000000000085e+01
1.000000000000000000e+01 5.783999999999999808e+00 5.783999999999999631e+01
1.000000000000000000e+01 5.924000000000000377e+00 5.924000000000000199e+01
1.000000000000000000e+01 3.556000000000000050e+00 3.556000000000000227e+01
1.000000000000000000e+01 5.874000000000000554e+00 5.874000000000000199e+01
1.000000000000000000e+01 6.718999999999999417e+00 6.718999999999999773e+01
1.000000000000000000e+01 9.559999999999998721e+00 9.559999999999999432e+01
1.000000000000000000e+01 6.083000000000000185e+00 6.082999999999999829e+01
1.000000000000000000e+01 6.919999999999999929e+00 6.920000000000000284e+01
1.000000000000000000e+01 2.442000000000000171e+00 2.442000000000000171e+01
1.000000000000000000e+01 8.667999999999999261e+00 8.667999999999999261e+01
1.000000000000000000e+01 8.819000000000000838e+00 8.819000000000001194e+01
1.000000000000000000e+01 3.206999999999999851e+00 3.207000000000000028e+01
1.000000000000000000e+01 1.000500000000000078e+01 1.000500000000000114e+02
1.000000000000000000e+01 2.411000000000000032e+00 2.410999999999999943e+01
1.000000000000000000e+01 3.914000000000000146e+00 3.914000000000000057e+01
1.000000000000000000e+01 4.081000000000000405e+00 4.081000000000000227e+01
1.000000000000000000e+01 3.439000000000000057e+00 3.439000000000000057e+01
1.000000000000000000e+01 5.730999999999999872e+00 5.731000000000000227e+01
1.000000000000000000e+01 1.076000000000000068e+00 1.075999999999999979e+01
1.000000000000000000e+01 4.980000000000000426e+00 4.980000000000000426e+01
1.000000000000000000e+01 1.374000000000000110e+00 1.374000000000000021e+01
1.000000000000000000e+01 5.838000000000000966e+00 5.838000000000000966e+01
1.000000000000000000e+01 6.421000000000001151e+00 6.421000000000000796e+01
1.000000000000000000e+01 4.203999999999999737e+00 4.203999999999999915e+01
1.000000000000000000e+01 6.518000000000000682e+00 6.518000000000000682e+01
1.000000000000000000e+01 3.670000000000000373e+00 3.670000000000000284e+01
1.000000000000000000e+01 7.589000000000000412e+00 7.589000000000000057e+01
1.000000000000000000e+01 5.503999999999999559e+00 5.503999999999999204e+01
1.000000000000000000e+01 3.362999999999999545e+00 3.362999999999999545e+01
1.000000000000000000e+01 4.348000000000000753e+00 4.348000000000000398e+01
1.000000000000000000e+01 1.336999999999999966e+00 1.336999999999999922e+01
1.000000000000000000e+01 4.830999999999999517e+00 4.830999999999999517e+01
1.000000000000000000e+01 4.406000000000000583e+00 4.406000000000000227e+01
1.000000000000000000e+01 6.738999999999998991e+00 6.738999999999998636e+01
1.000000000000000000e+01 6.150000000000000355e+00 6.150000000000000000e+01
1.000000000000000000e+01 4.042999999999999261e+00 4.042999999999999261e+01
1.000000000000000000e+01 7.112999999999999545e+00 7.112999999999999545e+01
1.000000000000000000e+01 2.478000000000000203e+00 2.478000000000000114e+01
1.000000000000000000e+01 3.706000000000000405e+00 3.706000000000000227e+01
1.000000000000000000e+01 6.607999999999999652e+00 6.607999999999999829e+01
1.000000000000000000e+01 2.581999999999999851e+00 2.582000000000000028e+01
1.000000000000000000e+01 5.751999999999999780e+00 5.751999999999999602e+01
1.000000000000000000e+01 2.714999999999999858e+00 2.714999999999999858e+01
1.000000000000000000e+01 4.044000000000000483e+00 4.044000000000000483e+01
1.000000000000000000e+01 3.905000000000000249e+00 3.905000000000000426e+01
1.000000000000000000e+01 1.092000000000000082e+00 1.091999999999999993e+01
1.000000000000000000e+01 5.317999999999999616e+00 5.317999999999999972e+01
1.000000000000000000e+01 4.595999999999999197e+00 4.595999999999999375e+01
1.000000000000000000e+01 7.281000000000000583e+00 7.281000000000000227e+01
1.000000000000000000e+01 1.257000000000000117e+00 1.257000000000000028e+01
1.000000000000000000e+01 2.059999999999999609e+00 2.059999999999999787e+01
1.000000000000000000e+01 6.381999999999999673e+00 6.381999999999999318e+01
1.000000000000000000e+01 2.741999999999999993e+00 2.741999999999999815e+01
1.000000000000000000e+01 3.767000000000000348e+00 3.767000000000000171e+01
1.000000000000000000e+01 3.982000000000000206e+00 3.982000000000000028e+01
1.000000000000000000e+01 6.125999999999999446e+00 6.125999999999999801e+01
1.000000000000000000e+01 8.538000000000000256e+00 8.537999999999999545e+01
1.000000000000000000e+01 6.495000000000000107e+00 6.495000000000000284e+01
1.000000000000000000e+01 8.544000000000000483e+00 8.543999999999999773e+01
1.000000000000000000e+01 4.961000000000000298e+00 4.960999999999999943e+01
1.000000000000000000e+01 6.235000000000000320e+00 6.235000000000000142e+01
1.000000000000000000e+01 3.591999999999999638e+00 3.591999999999999460e+01
1.000000000000000000e+01 3.488999999999999879e+00 3.489000000000000057e+01
1.000000000000000000e+01 8.590999999999999304e+00 8.590999999999999659e+01
1.000000000000000000e+01 4.975999999999999091e+00 4.975999999999999091e+01
1.000000000000000000e+01 5.193999999999999950e+00 5.193999999999999773e+01
1.000000000000000000e+01 3.221000000000000085e+00 3.221000000000000085e+01
1.000000000000000000e+01 5.025000000000000355e+00 5.025000000000000000e+01
1.000000000000000000e+01 1.150799999999999912e+01 1.150799999999999983e+02
1.000000000000000000e+01 5.970000000000000639e+00 5.970000000000000284e+01
1.000000000000000000e+01 6.588000000000000966e+00 6.588000000000000966e+01
1.000000000000000000e+01 6.912000000000000810e+00 6.912000000000000455e+01
1.000000000000000000e+01 7.500000000000000000e+00 7.500000000000000000e+01
1.000000000000000000e+01 8.437999999999998835e+00 8.437999999999999545e+01
1.000000000000000000e+01 4.537999999999999368e+00 4.537999999999999545e+01
1.000000000000000000e+01 9.794000000000000483e+00 9.793999999999999773e+01
1.000000000000000000e+01 4.932000000000000384e+00 4.932000000000000028e+01
1.000000000000000000e+01 1.095999999999999908e+01 1.095999999999999943e+02
1.000000000000000000e+01 6.568000000000000504e+00 6.568000000000000682e+01
1.000000000000000000e+01 4.932999999999999829e+00 4.932999999999999829e+01
1.000000000000000000e+01 7.806000000000000050e+00 7.806000000000000227e+01
1.000000000000000000e+01 1.284999999999999920e+00 1.284999999999999964e+01
1.000000000000000000e+01 5.057000000000000384e+00 5.057000000000000028e+01
1.000000000000000000e+01 5.126999999999999780e+00 5.126999999999999602e+01
