1.800000000000000000e+01 0.000000000000000000e+00 0.000000000000000000e+00
2.900000000000000000e+01 6.656206896551724483e+00 1.930300000000000011e+02
2.900000000000000000e+01 2.929310344827585677e+00 8.494999999999998863e+01
2.900000000000000000e+01 7.683103448275861780e+00 2.228100000000000023e+02
2.900000000000000000e+01 1.008586206896551829e+01 2.924900000000000091e+02
2.900000000000000000e+01 4.747931034482758328e+00 1.376899999999999977e+02
2.900000000000000000e+01 6.225172413793103487e+00 1.805300000000000011e+02
2.900000000000000000e+01 2.874827586206896601e+00 8.337000000000000455e+01
2.900000000000000000e+01 7.789310344827586441e+00 2.258900000000000148e+02
2.900000000000000000e+01 7.169310344827587222e+00 2.079100000000000250e+02
2.900000000000000000e+01 4.606206896551723773e+00 1.335799999999999841e+02
2.900000000000000000e+01 5.183793103448276263e+00 1.503300000000000125e+02
2.900000000000000000e+01 1.582068965517241299e+00 4.587999999999999545e+01
2.900000000000000000e+01 5.697241379310344911e+00 1.652199999999999989e+02
2.900000000000000000e+01 3.334827586206897010e+00 9.671000000000000796e+01
2.900000000000000000e+01 2.908275862068965711e+00 8.434000000000000341e+01
2.900000000000000000e+01 4.997931034482758328e+00 1.449399999999999977e+02
2.900000000000000000e+01 2.548965517241379430e+00 7.392000000000000171e+01
2.900000000000000000e+01 3.302068965517241494e+00 9.576000000000000512e+01
2.900000000000000000e+01 3.035172413793103097e+00 8.801999999999999602e+01
2.900000000000000000e+01 5.455862068965518397e+00 1.582200000000000273e+02
2.900000000000000000e+01 4.768275862068965587e+00 1.382800000000000011e+02
2.900000000000000000e+01 3.308275862068965623e+00 9.593999999999999773e+01
2.900000000000000000e+01 3.897931034482758683e+00 1.130400000000000063e+02
2.900000000000000000e+01 1.268620689655172384e+00 3.678999999999999915e+01
2.900000000000000000e+01 4.514827586206896726e+00 1.309300000000000068e+02
2.900000000000000000e+01 3.622413793103448132e+00 1.050499999999999972e+02
2.900000000000000000e+01 2.406551724137930837e+00 6.978999999999999204e+01
2.900000000000000000e+01 5.279999999999999361e+00 1.531199999999999761e+02
2.900000000000000000e+01 2.331724137931034502e+00 6.762000000000000455e+01
2.900000000000000000e+01 5.129999999999999005e+00 1.487699999999999818e+02
2.900000000000000000e+01 2.982758620689655249e+00 8.650000000000000000e+01
2.900000000000000000e+01 2.978620689655172349e+00 8.637999999999999545e+01
2.900000000000000000e+01 5.818965517241379004e+00 1.687500000000000000e+02
2.900000000000000000e+01 3.239999999999999769e+00 9.395999999999999375e+01
2.900000000000000000e+01 3.216551724137931778e+00 9.328000000000001535e+01
2.900000000000000000e+01 1.163103448275862206e+00 3.373000000000000398e+01
2.900000000000000000e+01 4.221379310344826941e+00 1.224199999999999875e+02
2.900000000000000000e+01 4.593448275862069607e+00 1.332100000000000080e+02
2.900000000000000000e+01 1.665172413793103434e+00 4.828999999999999915e+01
2.900000000000000000e+01 3.831034482758621351e+00 1.111000000000000227e+02
2.900000000000000000e+01 2.534827586206896299e+00 7.350999999999999091e+01
2.900000000000000000e+01 5.802068965517242383e+00 1.682600000000000193e+02
2.900000000000000000e+01 4.802758620689655089e+00 1.392800000000000011e+02
2.900000000000000000e+01 4.481724137931035301e+00 1.299700000000000273e+02
2.900000000000000000e+01 5.268275862068965587e+00 1.527800000000000011e+02
2.900000000000000000e+01 1.957586206896551939e+00 5.677000000000000313e+01
2.900000000000000000e+01 5.455517241379310711e+00 1.582100000000000080e+02
2.900000000000000000e+01 1.799310344827586450e+00 5.218000000000000682e+01
2.900000000000000000e+01 3.613793103448275978e+00 1.047999999999999972e+02
2.900000000000000000e+01 4.182068965517241388e+00 1.212800000000000011e+02
2.900000000000000000e+01 2.775862068965517793e+00 8.050000000000001421e+01
2.900000000000000000e+01 3.377586206896551868e+00 9.795000000000000284e+01
2.900000000000000000e+01 1.461724137931034395e+00 4.239000000000000057e+01
2.900000000000000000e+01 4.216896551724138575e+00 1.222900000000000063e+02
2.900000000000000000e+01 4.073448275862069146e+00 1.181300000000000097e+02
2.900000000000000000e+01 2.703793103448275836e+00 7.840999999999999659e+01
2.900000000000000000e+01 4.198620689655172988e+00 1.217600000000000051e+02
2.900000000000000000e+01 2.531034482758621085e+00 7.340000000000000568e+01
2.900000000000000000e+01 3.539655172413792794e+00 1.026499999999999915e+02
2.900000000000000000e+01 3.354827586206896139e+00 9.728999999999999204e+01
2.900000000000000000e+01 3.023448275862069323e+00 8.768000000000000682e+01
2.900000000000000000e+01 5.651379310344827545e+00 1.638899999999999864e+02
2.900000000000000000e+01 2.512068965517241459e+00 7.285000000000000853e+01
2.900000000000000000e+01 3.633448275862068755e+00 1.053699999999999903e+02
2.900000000000000000e+01 1.883793103448275996e+00 5.463000000000000256e+01
2.900000000000000000e+01 5.956551724137931103e+00 1.727400000000000091e+02
2.900000000000000000e+01 5.990689655172413808e+00 1.737299999999999898e+02
2.900000000000000000e+01 3.961034482758620356e+00 1.148699999999999903e+02
2.900000000000000000e+01 4.640689655172413275e+00 1.345799999999999841e+02
2.900000000000000000e+01 3.321379310344827918e+00 9.632000000000000739e+01
2.900000000000000000e+01 4.593448275862069607e+00 1.332100000000000080e+02
2.900000000000000000e+01 6.455172413793103026e+00 1.871999999999999886e+02
2.900000000000000000e+01 4.542068965517241708e+00 1.317199999999999989e+02
2.900000000000000000e+01 5.816896551724138220e+00 1.686899999999999977e+02
2.900000000000000000e+01 2.867241379310344840e+00 8.315000000000000568e+01
2.900000000000000000e+01 5.965172413793102812e+00 1.729899999999999807e+02
2.900000000000000000e+01 4.879655172413793984e+00 1.415100000000000193e+02
2.900000000000000000e+01 4.592068965517241530e+00 1.331700000000000159e+02
2.900000000000000000e+01 5.485517241379310960e+00 1.590800000000000125e+02
2.900000000000000000e+01 3.826551724137931210e+00 1.109699999999999989e+02
2.900000000000000000e+01 5.541034482758620427e+00 1.606899999999999977e+02
2.900000000000000000e+01 1.491724137931034422e+00 4.325999999999999801e+01
2.900000000000000000e+01 4.921379310344827118e+00 1.427199999999999989e+02
2.900000000000000000e+01 6.322413793103447865e+00 1.833499999999999943e+02
2.900000000000000000e+01 1.954137931034482634e+00 5.666999999999999460e+01
2.900000000000000000e+01 3.612758620689655142e+00 1.047699999999999960e+02
2.900000000000000000e+01 2.593448275862068719e+00 7.520999999999999375e+01
2.900000000000000000e+01 4.665172413793102990e+00 1.352899999999999920e+02
2.900000000000000000e+01 4.382758620689655160e+00 1.270999999999999943e+02
2.900000000000000000e+01 2.270689655172414056e+00 6.585000000000000853e+01
2.900000000000000000e+01 5.082413793103447652e+00 1.473899999999999864e+02
2.900000000000000000e+01 1.638275862068965694e+00 4.751000000000000512e+01
2.900000000000000000e+01 5.658620689655172953e+00 1.641000000000000227e+02
2.900000000000000000e+01 3.236206896551724554e+00 9.385000000000000853e+01
2.900000000000000000e+01 4.123103448275862171e+00 1.195699999999999932e+02
2.900000000000000000e+01 4.815172413793103345e+00 1.396399999999999864e+02
2.900000000000000000e+01 1.838620689655172225e+00 5.331999999999999318e+01
2.900000000000000000e+01 5.424137931034483273e+00 1.573000000000000114e+02
2.900000000000000000e+01 1.190689655172413763e+00 3.453000000000000114e+01
