2.400000000000000000e+01 0.000000000000000000e+00 0.000000000000000000e+00
1.950000000000000000e+02 6.563128205128204939e+00 1.279809999999999945e+03
1.950000000000000000e+02 8.851846153846153697e+00 1.726110000000000127e+03
1.950000000000000000e+02 7.153435897435898028e+00 1.394920000000000073e+03
1.950000000000000000e+02 7.429230769230769305e+00 1.448700000000000045e+03
1.950000000000000000e+02 7.846564102564101972e+00 1.530079999999999927e+03
1.950000000000000000e+02 8.095128205128204968e+00 1.578549999999999955e+03
1.950000000000000000e+02 8.978256410256410192e+00 1.750759999999999991e+03
1.950000000000000000e+02 6.680461538461538673e+00 1.302690000000000055e+03
1.950000000000000000e+02 8.959743589743590420e+00 1.747150000000000091e+03
1.950000000000000000e+02 7.683384615384614591e+00 1.498259999999999764e+03
1.950000000000000000e+02 8.305846153846152546e+00 1.619639999999999873e+03
1.950000000000000000e+02 8.801179487179487282e+00 1.716230000000000018e+03
1.950000000000000000e+02 8.166307692307691823e+00 1.592430000000000064e+03
1.950000000000000000e+02 9.288205128205127892e+00 1.811199999999999818e+03
1.950000000000000000e+02 8.313846153846153442e+00 1.621200000000000045e+03
1.950000000000000000e+02 7.714307692307691866e+00 1.504289999999999964e+03
1.950000000000000000e+02 9.128923076923076252e+00 1.780139999999999873e+03
1.950000000000000000e+02 7.548717948717948545e+00 1.472000000000000000e+03
1.950000000000000000e+02 8.819384615384615600e+00 1.719780000000000200e+03
1.950000000000000000e+02 6.296564102564102150e+00 1.227829999999999927e+03
1.950000000000000000e+02 8.680512820512818806e+00 1.692699999999999818e+03
1.950000000000000000e+02 8.655230769230769283e+00 1.687769999999999982e+03
1.950000000000000000e+02 8.835384615384615614e+00 1.722900000000000091e+03
1.950000000000000000e+02 8.527948717948717672e+00 1.662949999999999818e+03
1.950000000000000000e+02 7.925230769230769745e+00 1.545420000000000073e+03
1.950000000000000000e+02 8.645641025641026545e+00 1.685900000000000091e+03
1.950000000000000000e+02 9.120717948717947721e+00 1.778539999999999964e+03
1.950000000000000000e+02 8.299487179487179844e+00 1.618400000000000091e+03
1.950000000000000000e+02 8.832666666666666444e+00 1.722369999999999891e+03
1.950000000000000000e+02 8.224153846153846814e+00 1.603710000000000036e+03
1.950000000000000000e+02 9.082923076923076877e+00 1.771170000000000073e+03
1.950000000000000000e+02 8.376205128205128858e+00 1.633360000000000127e+03
1.950000000000000000e+02 8.984666666666667467e+00 1.752010000000000218e+03
1.950000000000000000e+02 9.255743589743589794e+00 1.804870000000000118e+03
1.950000000000000000e+02 8.963179487179488092e+00 1.747820000000000164e+03
1.950000000000000000e+02 9.394153846153846743e+00 1.831860000000000127e+03
1.950000000000000000e+02 6.695179487179486522e+00 1.305559999999999945e+03
1.950000000000000000e+02 8.126358974358973697e+00 1.584639999999999873e+03
1.950000000000000000e+02 8.604051282051282001e+00 1.677789999999999964e+03
1.950000000000000000e+02 7.952717948717949348e+00 1.550780000000000200e+03
1.950000000000000000e+02 9.453948717948716052e+00 1.843519999999999754e+03
1.950000000000000000e+02 8.639692307692307338e+00 1.684739999999999782e+03
1.950000000000000000e+02 9.325743589743590078e+00 1.818519999999999982e+03
1.950000000000000000e+02 8.619846153846152603e+00 1.680869999999999891e+03
1.950000000000000000e+02 8.833025641025640695e+00 1.722440000000000055e+03
1.950000000000000000e+02 9.380666666666666487e+00 1.829230000000000018e+03
1.950000000000000000e+02 7.324205128205127480e+00 1.428219999999999800e+03
1.950000000000000000e+02 9.159897435897434548e+00 1.786179999999999836e+03
1.950000000000000000e+02 7.406871794871795700e+00 1.444340000000000146e+03
1.950000000000000000e+02 8.444256410256411272e+00 1.646630000000000109e+03
1.950000000000000000e+02 8.420410256410256977e+00 1.641980000000000018e+03
1.950000000000000000e+02 7.496564102564103216e+00 1.461830000000000155e+03
1.950000000000000000e+02 9.462717948717948246e+00 1.845230000000000018e+03
1.950000000000000000e+02 5.433846153846153548e+00 1.059599999999999909e+03
1.950000000000000000e+02 8.773897435897435315e+00 1.710909999999999854e+03
1.950000000000000000e+02 8.672717948717949099e+00 1.691180000000000064e+03
1.950000000000000000e+02 8.672615384615383505e+00 1.691159999999999854e+03
1.950000000000000000e+02 9.180461538461539561e+00 1.790190000000000055e+03
1.950000000000000000e+02 7.364358974358974130e+00 1.436049999999999955e+03
1.950000000000000000e+02 8.657076923076923336e+00 1.688130000000000109e+03
1.950000000000000000e+02 8.074358974358974095e+00 1.574500000000000000e+03
1.950000000000000000e+02 8.707435897435898298e+00 1.697950000000000045e+03
1.950000000000000000e+02 8.974820512820514296e+00 1.750090000000000146e+03
1.950000000000000000e+02 7.571743589743589631e+00 1.476490000000000009e+03
1.950000000000000000e+02 8.508051282051283692e+00 1.659070000000000164e+03
1.950000000000000000e+02 6.516820512820512334e+00 1.270779999999999973e+03
1.950000000000000000e+02 7.329999999999999183e+00 1.429349999999999909e+03
1.950000000000000000e+02 7.949025641025642130e+00 1.550060000000000173e+03
1.950000000000000000e+02 8.111487179487179233e+00 1.581739999999999782e+03
1.950000000000000000e+02 8.988717948717949824e+00 1.752800000000000182e+03
1.950000000000000000e+02 7.013435897435896571e+00 1.367619999999999891e+03
1.950000000000000000e+02 8.669999999999999929e+00 1.690650000000000091e+03
1.950000000000000000e+02 8.171282051282052095e+00 1.593400000000000091e+03
1.950000000000000000e+02 8.022205128205127878e+00 1.564329999999999927e+03
1.950000000000000000e+02 9.144717948717950406e+00 1.783220000000000255e+03
1.950000000000000000e+02 7.830461538461539028e+00 1.526940000000000055e+03
1.950000000000000000e+02 8.754923076923077474e+00 1.707210000000000036e+03
1.950000000000000000e+02 7.943538461538461881e+00 1.548990000000000009e+03
1.950000000000000000e+02 8.200051282051283863e+00 1.599010000000000218e+03
1.950000000000000000e+02 8.575282051282052009e+00 1.672180000000000064e+03
1.950000000000000000e+02 7.864051282051283565e+00 1.533490000000000236e+03
1.950000000000000000e+02 9.216051282051282101e+00 1.797129999999999882e+03
1.950000000000000000e+02 7.344974358974359241e+00 1.432269999999999982e+03
1.950000000000000000e+02 8.932051282051283181e+00 1.741750000000000227e+03
1.950000000000000000e+02 9.023589743589743861e+00 1.759599999999999909e+03
1.950000000000000000e+02 8.412205128205128446e+00 1.640380000000000109e+03
1.950000000000000000e+02 8.748923076923077247e+00 1.706039999999999964e+03
1.950000000000000000e+02 8.140153846153845407e+00 1.587329999999999927e+03
1.950000000000000000e+02 9.108666666666666245e+00 1.776190000000000055e+03
1.950000000000000000e+02 8.642205128205128872e+00 1.685230000000000018e+03
1.950000000000000000e+02 8.539128205128204030e+00 1.665129999999999882e+03
1.950000000000000000e+02 9.024923076923077048e+00 1.759859999999999900e+03
1.950000000000000000e+02 7.939846153846153776e+00 1.548269999999999982e+03
1.950000000000000000e+02 9.463487179487179546e+00 1.845380000000000109e+03
1.950000000000000000e+02 8.558307692307691283e+00 1.668869999999999891e+03
1.950000000000000000e+02 7.841435897435898639e+00 1.529080000000000155e+03
1.950000000000000000e+02 9.110974358974360143e+00 1.776640000000000100e+03
1.950000000000000000e+02 7.430512820512820582e+00 1.448950000000000045e+03
1.950000000000000000e+02 8.418564102564102924e+00 1.641620000000000118e+03
