2.400000000000000000e+01 0.000000000000000000e+00 0.000000000000000000e+00
3.810000000000000000e+02 7.867900262467191652e+00 2.997670000000000073e+03
3.930000000000000000e+02 6.102340966921119936e+00 2.398220000000000255e+03
3.930000000000000000e+02 5.351781170483460137e+00 2.103250000000000000e+03
3.930000000000000000e+02 5.445241730279898995e+00 2.139980000000000473e+03
3.930000000000000000e+02 5.341832061068702231e+00 2.099340000000000146e+03
3.930000000000000000e+02 4.991933842239185459e+00 1.961829999999999927e+03
3.930000000000000000e+02 4.963613231552162830e+00 1.950699999999999818e+03
3.930000000000000000e+02 4.944809160305343454e+00 1.943309999999999945e+03
3.930000000000000000e+02 4.359720101781170420e+00 1.713370000000000118e+03
3.930000000000000000e+02 4.370000000000000107e+00 1.717410000000000082e+03
3.930000000000000000e+02 4.261781170483461167e+00 1.674880000000000109e+03
3.930000000000000000e+02 4.512442748091602951e+00 1.773389999999999873e+03
3.930000000000000000e+02 5.069134860050890978e+00 1.992170000000000073e+03
3.930000000000000000e+02 4.402442748091602631e+00 1.730159999999999854e+03
3.930000000000000000e+02 4.315318066157760590e+00 1.695920000000000073e+03
3.930000000000000000e+02 4.079465648854961657e+00 1.603230000000000018e+03
3.930000000000000000e+02 3.884656488549618647e+00 1.526670000000000073e+03
3.930000000000000000e+02 4.207480916030534424e+00 1.653539999999999964e+03
3.930000000000000000e+02 3.987022900763358635e+00 1.566899999999999864e+03
3.930000000000000000e+02 3.451653944020356413e+00 1.356500000000000000e+03
3.930000000000000000e+02 4.123842239185750991e+00 1.620670000000000073e+03
3.930000000000000000e+02 4.636564885496182953e+00 1.822170000000000073e+03
3.930000000000000000e+02 4.001679389312977619e+00 1.572660000000000082e+03
3.930000000000000000e+02 3.500890585241730246e+00 1.375849999999999909e+03
3.930000000000000000e+02 4.015547073791348787e+00 1.578109999999999900e+03
3.930000000000000000e+02 4.135089058524173744e+00 1.625090000000000146e+03
3.930000000000000000e+02 4.198651399491094338e+00 1.650070000000000164e+03
3.930000000000000000e+02 4.064936386768447818e+00 1.597519999999999982e+03
3.930000000000000000e+02 4.136335877862594934e+00 1.625579999999999927e+03
3.930000000000000000e+02 3.866132315521628282e+00 1.519389999999999873e+03
3.930000000000000000e+02 3.861959287531807394e+00 1.517750000000000227e+03
3.930000000000000000e+02 3.865114503816793778e+00 1.518990000000000009e+03
3.930000000000000000e+02 4.088600508905852138e+00 1.606819999999999936e+03
3.930000000000000000e+02 4.075547073791348396e+00 1.601690000000000055e+03
3.930000000000000000e+02 3.596666666666666234e+00 1.413489999999999782e+03
3.930000000000000000e+02 3.922493638676844530e+00 1.541539999999999964e+03
3.930000000000000000e+02 3.407099236641221829e+00 1.338990000000000236e+03
3.930000000000000000e+02 4.187760814249363861e+00 1.645789999999999964e+03
3.930000000000000000e+02 4.320966921119593351e+00 1.698140000000000100e+03
3.930000000000000000e+02 4.028473282442748271e+00 1.583190000000000055e+03
3.930000000000000000e+02 4.111882951653943685e+00 1.615969999999999800e+03
3.930000000000000000e+02 4.129745547073791379e+00 1.622990000000000009e+03
3.930000000000000000e+02 3.941399491094148111e+00 1.548970000000000255e+03
3.930000000000000000e+02 4.249007633587786437e+00 1.669860000000000127e+03
3.930000000000000000e+02 4.457989821882951453e+00 1.751990000000000009e+03
3.930000000000000000e+02 3.767124681933842201e+00 1.480480000000000018e+03
3.930000000000000000e+02 4.661806615776080243e+00 1.832089999999999691e+03
3.930000000000000000e+02 4.437124681933842574e+00 1.743789999999999964e+03
3.930000000000000000e+02 4.513867684478372055e+00 1.773950000000000273e+03
3.930000000000000000e+02 4.163969465648855284e+00 1.636440000000000055e+03
3.930000000000000000e+02 4.240712468193383877e+00 1.666599999999999909e+03
3.930000000000000000e+02 3.907582697201017918e+00 1.535680000000000064e+03
3.930000000000000000e+02 4.396183206106870855e+00 1.727700000000000273e+03
3.930000000000000000e+02 3.978956743002544538e+00 1.563730000000000018e+03
3.930000000000000000e+02 4.254045801526717518e+00 1.671840000000000146e+03
3.930000000000000000e+02 4.065826972010177620e+00 1.597869999999999891e+03
3.930000000000000000e+02 3.689516539440203413e+00 1.449980000000000018e+03
3.930000000000000000e+02 3.919160305343511563e+00 1.540230000000000018e+03
3.930000000000000000e+02 3.613282442748091405e+00 1.420019999999999982e+03
3.930000000000000000e+02 4.105318066157760626e+00 1.613390000000000100e+03
3.930000000000000000e+02 4.696590330788803946e+00 1.845759999999999991e+03
3.930000000000000000e+02 4.138396946564885326e+00 1.626390000000000100e+03
3.930000000000000000e+02 4.166666666666666963e+00 1.637500000000000000e+03
3.930000000000000000e+02 4.333969465648855213e+00 1.703250000000000000e+03
3.930000000000000000e+02 3.977251908396946867e+00 1.563060000000000173e+03
3.930000000000000000e+02 4.023664122137404320e+00 1.581299999999999955e+03
3.930000000000000000e+02 4.069847328244274642e+00 1.599450000000000045e+03
3.930000000000000000e+02 4.832569974554707493e+00 1.899200000000000045e+03
3.930000000000000000e+02 3.823307888040712310e+00 1.502559999999999945e+03
3.930000000000000000e+02 3.730610687022901217e+00 1.466130000000000109e+03
3.930000000000000000e+02 3.345012722646310888e+00 1.314590000000000146e+03
3.930000000000000000e+02 3.082111959287531899e+00 1.211269999999999982e+03
3.930000000000000000e+02 3.349491094147582615e+00 1.316349999999999909e+03
3.930000000000000000e+02 3.452544529262086659e+00 1.356850000000000136e+03
3.930000000000000000e+02 3.608524173027990223e+00 1.418150000000000091e+03
3.930000000000000000e+02 4.019745547073791059e+00 1.579759999999999991e+03
3.930000000000000000e+02 4.191195928753180588e+00 1.647139999999999873e+03
3.930000000000000000e+02 4.055572519083970207e+00 1.593840000000000146e+03
3.930000000000000000e+02 4.291272264631043498e+00 1.686470000000000027e+03
3.930000000000000000e+02 4.228727735368956075e+00 1.661889999999999873e+03
3.930000000000000000e+02 4.386666666666666714e+00 1.723960000000000036e+03
3.930000000000000000e+02 4.638753180661578490e+00 1.823030000000000200e+03
3.930000000000000000e+02 4.291017811704834983e+00 1.686370000000000118e+03
3.930000000000000000e+02 5.128295165394401778e+00 2.015420000000000073e+03
3.930000000000000000e+02 4.560839694656488419e+00 1.792410000000000082e+03
3.930000000000000000e+02 4.175139949109414772e+00 1.640829999999999927e+03
3.930000000000000000e+02 4.506717557251908701e+00 1.771140000000000100e+03
3.930000000000000000e+02 4.725547073791347863e+00 1.857139999999999873e+03
3.930000000000000000e+02 4.427328244274808533e+00 1.739939999999999827e+03
3.930000000000000000e+02 4.720407124681933908e+00 1.855119999999999891e+03
3.930000000000000000e+02 4.344732824427480544e+00 1.707480000000000018e+03
3.930000000000000000e+02 4.254452926208651675e+00 1.672000000000000000e+03
3.930000000000000000e+02 4.183435114503816443e+00 1.644089999999999918e+03
3.930000000000000000e+02 3.796437659033078837e+00 1.492000000000000000e+03
3.930000000000000000e+02 4.282239185750635890e+00 1.682920000000000073e+03
3.930000000000000000e+02 4.700559796437659088e+00 1.847320000000000164e+03
3.930000000000000000e+02 4.330661577608142743e+00 1.701950000000000045e+03
3.930000000000000000e+02 4.255699745547073753e+00 1.672490000000000009e+03
3.930000000000000000e+02 4.620229007633588125e+00 1.815750000000000000e+03
