2.400000000000000000e+01 0.000000000000000000e+00 0.000000000000000000e+00
5.220000000000000000e+02 7.435191570881226397e+00 3.881170000000000073e+03
5.670000000000000000e+02 4.945961199294532484e+00 2.804360000000000127e+03
5.830000000000000000e+02 4.338353344768438369e+00 2.529259999999999764e+03
5.900000000000000000e+02 3.959491525423729286e+00 2.336100000000000364e+03
5.910000000000000000e+02 3.808291032148900079e+00 2.250699999999999818e+03
5.910000000000000000e+02 3.696006768189509462e+00 2.184340000000000146e+03
5.910000000000000000e+02 3.434906937394246462e+00 2.030029999999999745e+03
5.910000000000000000e+02 3.171370558375634641e+00 1.874280000000000200e+03
5.910000000000000000e+02 2.599001692047377521e+00 1.536009999999999991e+03
5.910000000000000000e+02 2.781810490693739535e+00 1.644049999999999955e+03
5.910000000000000000e+02 2.703451776649746119e+00 1.597740000000000009e+03
5.910000000000000000e+02 2.603502538071066130e+00 1.538670000000000073e+03
5.910000000000000000e+02 2.353654822335025543e+00 1.391010000000000218e+03
5.910000000000000000e+02 2.225837563451776635e+00 1.315470000000000027e+03
5.910000000000000000e+02 2.359526226734348420e+00 1.394480000000000018e+03
5.910000000000000000e+02 2.546175972927241737e+00 1.504789999999999964e+03
5.910000000000000000e+02 2.942808798646362245e+00 1.739200000000000045e+03
5.910000000000000000e+02 2.651150592216581892e+00 1.566829999999999927e+03
5.910000000000000000e+02 2.152707275803722453e+00 1.272250000000000000e+03
5.910000000000000000e+02 2.878578680203045526e+00 1.701239999999999782e+03
5.910000000000000000e+02 2.766175972927241933e+00 1.634809999999999945e+03
5.910000000000000000e+02 3.029560067681894786e+00 1.790469999999999800e+03
5.910000000000000000e+02 3.013959390862944066e+00 1.781250000000000000e+03
5.910000000000000000e+02 2.693011844331641758e+00 1.591570000000000164e+03
5.910000000000000000e+02 3.122470389170897143e+00 1.845380000000000109e+03
5.910000000000000000e+02 3.255346869712351765e+00 1.923909999999999854e+03
5.910000000000000000e+02 3.077394247038916841e+00 1.818739999999999782e+03
5.910000000000000000e+02 3.111539763113367218e+00 1.838920000000000073e+03
5.910000000000000000e+02 2.876311336717427558e+00 1.699899999999999636e+03
5.910000000000000000e+02 3.163384094754653209e+00 1.869559999999999945e+03
5.910000000000000000e+02 2.962859560067681919e+00 1.751049999999999955e+03
5.910000000000000000e+02 3.555702199661590512e+00 2.101420000000000073e+03
5.910000000000000000e+02 3.360186125211505725e+00 1.985869999999999891e+03
5.910000000000000000e+02 3.481133671742808744e+00 2.057349999999999909e+03
5.910000000000000000e+02 3.049881556683587291e+00 1.802480000000000018e+03
5.910000000000000000e+02 3.570609137055837490e+00 2.110230000000000018e+03
5.910000000000000000e+02 3.159999999999999698e+00 1.867559999999999945e+03
5.910000000000000000e+02 3.063671742808798726e+00 1.810630000000000109e+03
5.910000000000000000e+02 3.050406091370558403e+00 1.802789999999999964e+03
5.910000000000000000e+02 2.757580372250422851e+00 1.629730000000000018e+03
5.910000000000000000e+02 3.122774957698815523e+00 1.845559999999999945e+03
5.910000000000000000e+02 3.184636209813874519e+00 1.882119999999999891e+03
5.910000000000000000e+02 3.114585448392555467e+00 1.840720000000000255e+03
5.910000000000000000e+02 3.035177664974619383e+00 1.793789999999999964e+03
5.910000000000000000e+02 3.140659898477157430e+00 1.856130000000000109e+03
5.910000000000000000e+02 2.774382402707276096e+00 1.639660000000000082e+03
5.910000000000000000e+02 2.849373942470389220e+00 1.683980000000000018e+03
5.910000000000000000e+02 2.514602368866328597e+00 1.486130000000000109e+03
5.910000000000000000e+02 2.976277495769882098e+00 1.758980000000000246e+03
5.910000000000000000e+02 2.737394247038916983e+00 1.617799999999999955e+03
5.910000000000000000e+02 2.978138747884940596e+00 1.760079999999999927e+03
5.910000000000000000e+02 2.940355329949238428e+00 1.737750000000000000e+03
5.910000000000000000e+02 3.130846023688663049e+00 1.850329999999999927e+03
5.910000000000000000e+02 3.275634517766497389e+00 1.935899999999999864e+03
5.910000000000000000e+02 3.167191201353637631e+00 1.871809999999999945e+03
5.910000000000000000e+02 3.057986463620981255e+00 1.807269999999999982e+03
5.910000000000000000e+02 3.263891708967851191e+00 1.928960000000000036e+03
5.910000000000000000e+02 3.329424703891708859e+00 1.967689999999999827e+03
5.910000000000000000e+02 3.445871404399323268e+00 2.036509999999999991e+03
5.910000000000000000e+02 2.898121827411167306e+00 1.712789999999999964e+03
5.910000000000000000e+02 2.970304568527918576e+00 1.755449999999999818e+03
5.910000000000000000e+02 3.110812182741116594e+00 1.838490000000000009e+03
5.910000000000000000e+02 2.910947546531302610e+00 1.720369999999999891e+03
5.910000000000000000e+02 3.311641285956006708e+00 1.957180000000000064e+03
5.910000000000000000e+02 3.004974619289340065e+00 1.775940000000000055e+03
5.910000000000000000e+02 3.189018612521150597e+00 1.884710000000000036e+03
5.910000000000000000e+02 2.713062605752960987e+00 1.603419999999999845e+03
5.910000000000000000e+02 3.396751269035532594e+00 2.007479999999999791e+03
5.910000000000000000e+02 2.628003384094754757e+00 1.553150000000000091e+03
5.910000000000000000e+02 2.754602368866327922e+00 1.627969999999999800e+03
5.910000000000000000e+02 2.817360406091370617e+00 1.665059999999999945e+03
5.910000000000000000e+02 2.556937394247039030e+00 1.511150000000000091e+03
5.910000000000000000e+02 3.353790186125211292e+00 1.982089999999999918e+03
5.910000000000000000e+02 3.101353637901861582e+00 1.832900000000000091e+03
5.910000000000000000e+02 2.825972927241962918e+00 1.670150000000000091e+03
5.910000000000000000e+02 2.927749576988155855e+00 1.730300000000000182e+03
5.910000000000000000e+02 2.867563451776649952e+00 1.694730000000000018e+03
5.910000000000000000e+02 2.913468697123519746e+00 1.721860000000000127e+03
5.910000000000000000e+02 3.031912013536379291e+00 1.791860000000000127e+03
5.910000000000000000e+02 3.131827411167512842e+00 1.850910000000000082e+03
5.910000000000000000e+02 3.018984771573603787e+00 1.784219999999999800e+03
5.910000000000000000e+02 2.800389170896785629e+00 1.655030000000000200e+03
5.910000000000000000e+02 2.892335025380710523e+00 1.709369999999999891e+03
5.910000000000000000e+02 2.712893401015228356e+00 1.603319999999999936e+03
5.910000000000000000e+02 3.265685279187817258e+00 1.930019999999999982e+03
5.910000000000000000e+02 3.102064297800338544e+00 1.833320000000000164e+03
5.910000000000000000e+02 2.908443316412859136e+00 1.718889999999999873e+03
5.910000000000000000e+02 2.661810490693739428e+00 1.573129999999999882e+03
5.910000000000000000e+02 2.931861252115059102e+00 1.732730000000000018e+03
5.910000000000000000e+02 3.002893401015228392e+00 1.774710000000000036e+03
5.910000000000000000e+02 3.434263959390863263e+00 2.029650000000000091e+03
5.910000000000000000e+02 3.169137055837563555e+00 1.872960000000000036e+03
5.910000000000000000e+02 3.003164128595600335e+00 1.774869999999999891e+03
5.910000000000000000e+02 3.284602368866328170e+00 1.941199999999999818e+03
5.910000000000000000e+02 3.310862944162436428e+00 1.956720000000000027e+03
5.910000000000000000e+02 3.266125211505922277e+00 1.930279999999999973e+03
5.910000000000000000e+02 3.138104906937394301e+00 1.854620000000000118e+03
5.910000000000000000e+02 2.864043993231810692e+00 1.692650000000000091e+03
5.910000000000000000e+02 3.182521150592216408e+00 1.880869999999999891e+03
