2.300000000000000000e+01 0.000000000000000000e+00 0.000000000000000000e+00
6.900000000000000000e+01 1.572028985507246457e+00 1.084699999999999989e+02
6.900000000000000000e+01 6.613623188405797215e+00 4.563400000000000318e+02
6.900000000000000000e+01 6.587101449275362341e+00 4.545099999999999909e+02
6.900000000000000000e+01 5.541449275362317906e+00 3.823599999999999568e+02
6.900000000000000000e+01 8.200724637681162221e+00 5.658500000000001364e+02
6.900000000000000000e+01 3.524057971014492807e+00 2.431599999999999966e+02
6.900000000000000000e+01 3.433768115942028576e+00 2.369299999999999784e+02
6.900000000000000000e+01 5.341884057971015842e+00 3.685900000000000887e+02
6.900000000000000000e+01 3.357101449275362803e+00 2.316400000000000432e+02
6.900000000000000000e+01 6.807826086956521472e+00 4.697399999999999523e+02
6.900000000000000000e+01 7.422753623188405037e+00 5.121699999999999591e+02
6.900000000000000000e+01 2.322028985507246901e+00 1.602200000000000273e+02
6.900000000000000000e+01 5.036521739130435549e+00 3.475200000000000387e+02
6.900000000000000000e+01 4.149565217391304017e+00 2.863199999999999932e+02
6.900000000000000000e+01 3.843043478260869783e+00 2.651700000000000159e+02
6.900000000000000000e+01 5.201594202898551345e+00 3.589100000000000250e+02
6.900000000000000000e+01 1.024927536231884151e+00 7.071999999999999886e+01
6.900000000000000000e+01 3.322028985507246457e+00 2.292199999999999989e+02
6.900000000000000000e+01 4.911739130434781941e+00 3.389099999999999682e+02
6.900000000000000000e+01 3.427246376811594608e+00 2.364800000000000182e+02
6.900000000000000000e+01 4.536666666666667069e+00 3.130300000000000296e+02
6.900000000000000000e+01 3.363623188405797215e+00 2.320900000000000034e+02
6.900000000000000000e+01 1.195217391304347787e+00 8.246999999999999886e+01
6.900000000000000000e+01 3.027826086956522111e+00 2.089200000000000159e+02
6.900000000000000000e+01 2.741594202898550492e+00 1.891699999999999875e+02
6.900000000000000000e+01 4.331884057971015167e+00 2.989000000000000341e+02
6.900000000000000000e+01 4.646086956521738642e+00 3.205799999999999841e+02
6.900000000000000000e+01 2.018840579710144745e+00 1.392999999999999829e+02
6.900000000000000000e+01 3.144202898550724434e+00 2.169499999999999886e+02
6.900000000000000000e+01 2.394927536231884257e+00 1.652500000000000000e+02
6.900000000000000000e+01 2.149565217391304461e+00 1.483199999999999932e+02
6.900000000000000000e+01 3.591739130434782989e+00 2.478300000000000125e+02
6.900000000000000000e+01 4.900000000000000466e-01 3.381000000000000227e+01
6.900000000000000000e+01 1.702898550724637694e+00 1.175000000000000000e+02
6.900000000000000000e+01 2.434782608695652328e+00 1.680000000000000000e+02
6.900000000000000000e+01 1.711014492753623273e+00 1.180600000000000023e+02
6.900000000000000000e+01 2.661594202898550865e+00 1.836500000000000057e+02
6.900000000000000000e+01 2.444057971014492736e+00 1.686399999999999864e+02
6.900000000000000000e+01 4.191304347826086962e-01 2.892000000000000171e+01
6.900000000000000000e+01 8.104347826086957252e-01 5.592000000000000171e+01
6.900000000000000000e+01 5.008695652173913437e-01 3.456000000000000227e+01
6.900000000000000000e+01 7.126086956521738847e-01 4.917000000000000171e+01
6.900000000000000000e+01 1.014637681159420213e+00 7.000999999999999091e+01
6.900000000000000000e+01 4.321739130434782417e-01 2.982000000000000028e+01
6.900000000000000000e+01 1.164492753623188381e+00 8.034999999999999432e+01
6.900000000000000000e+01 1.742608695652174022e+00 1.202400000000000091e+02
6.900000000000000000e+01 9.701449275362320490e-01 6.694000000000001194e+01
6.900000000000000000e+01 7.978260869565216851e-01 5.504999999999999716e+01
6.900000000000000000e+01 3.876811594202898559e-01 2.675000000000000000e+01
6.900000000000000000e+01 1.078695652173913055e+00 7.443000000000000682e+01
6.900000000000000000e+01 2.098405797101449366e+00 1.447899999999999920e+02
6.900000000000000000e+01 6.140579710144927761e-01 4.237000000000000455e+01
6.900000000000000000e+01 1.856086956521739051e+00 1.280699999999999932e+02
6.900000000000000000e+01 1.774782608695652186e+00 1.224600000000000080e+02
6.900000000000000000e+01 5.807246376811594502e-01 4.007000000000000028e+01
6.900000000000000000e+01 3.738985507246376905e+00 2.579900000000000091e+02
6.900000000000000000e+01 3.320000000000000284e+00 2.290800000000000125e+02
6.900000000000000000e+01 3.039130434782608692e+00 2.096999999999999886e+02
6.900000000000000000e+01 4.886231884057970376e+00 3.371499999999999773e+02
6.900000000000000000e+01 6.973913043478260354e-01 4.811999999999999744e+01
6.900000000000000000e+01 2.521884057971014226e+00 1.740099999999999909e+02
6.900000000000000000e+01 2.669565217391304035e+00 1.841999999999999886e+02
6.900000000000000000e+01 1.944927536231884302e+00 1.342000000000000171e+02
6.900000000000000000e+01 2.146376811594203016e+00 1.480999999999999943e+02
6.900000000000000000e+01 4.231884057971014440e-02 2.919999999999999929e+00
6.900000000000000000e+01 1.364492753623188337e+00 9.414999999999999147e+01
6.900000000000000000e+01 1.257971014492753614e+00 8.679999999999999716e+01
6.900000000000000000e+01 1.020869565217391362e+00 7.043999999999999773e+01
6.900000000000000000e+01 1.447391304347826146e+00 9.987000000000000455e+01
6.900000000000000000e+01 1.287391304347826226e+00 8.883000000000001251e+01
6.900000000000000000e+01 1.082463768115941916e+00 7.468999999999999773e+01
6.900000000000000000e+01 6.328985507246377429e-01 4.367000000000000171e+01
6.900000000000000000e+01 1.936231884057970920e-01 1.335999999999999943e+01
6.900000000000000000e+01 9.095652173913044702e-01 6.276000000000000512e+01
6.900000000000000000e+01 7.752173913043477471e-01 5.348999999999999488e+01
6.900000000000000000e+01 0.000000000000000000e+00 0.000000000000000000e+00
6.900000000000000000e+01 3.673913043478261309e-01 2.535000000000000142e+01
6.900000000000000000e+01 3.607246376811594213e-01 2.489000000000000057e+01
6.900000000000000000e+01 3.595652173913043703e-01 2.481000000000000227e+01
6.900000000000000000e+01 1.592753623188405854e+00 1.099000000000000057e+02
6.900000000000000000e+01 7.034782608695652195e-01 4.853999999999999915e+01
6.900000000000000000e+01 4.853623188405796207e-01 3.348999999999999488e+01
6.900000000000000000e+01 1.209130434782608621e+00 8.342999999999999261e+01
6.900000000000000000e+01 6.692753623188405498e-01 4.617999999999999972e+01
6.900000000000000000e+01 1.355362318840579894e+00 9.352000000000001023e+01
6.900000000000000000e+01 1.729275362318840603e+00 1.193200000000000074e+02
6.900000000000000000e+01 3.901449275362319224e-01 2.692000000000000171e+01
6.900000000000000000e+01 6.943478260869565544e-01 4.791000000000000369e+01
6.900000000000000000e+01 3.924637681159420244e-01 2.707999999999999829e+01
6.900000000000000000e+01 4.162318840579710688e-01 2.872000000000000242e+01
6.900000000000000000e+01 5.772463768115941862e-01 3.982999999999999829e+01
6.900000000000000000e+01 5.750724637681159379e-01 3.967999999999999972e+01
6.900000000000000000e+01 6.891304347826086030e-01 4.754999999999999716e+01
6.900000000000000000e+01 1.267536231884058173e+00 8.746000000000000796e+01
6.900000000000000000e+01 1.224782608695652142e+00 8.451000000000000512e+01
6.900000000000000000e+01 1.575217391304347903e+00 1.086899999999999977e+02
6.900000000000000000e+01 8.098550724637681997e-01 5.588000000000000256e+01
6.900000000000000000e+01 2.930434782608695721e-01 2.021999999999999886e+01
6.900000000000000000e+01 1.635652173913043406e+00 1.128599999999999994e+02
