2.400000000000000000e+01 0.000000000000000000e+00 0.000000000000000000e+00
1.950000000000000000e+02 1.000153846153846082e+01 1.950299999999999955e+03
1.950000000000000000e+02 8.749538461538460155e+00 1.706159999999999854e+03
1.950000000000000000e+02 8.122923076923076025e+00 1.583969999999999800e+03
1.950000000000000000e+02 8.611025641025641164e+00 1.679150000000000091e+03
1.950000000000000000e+02 8.706871794871796411e+00 1.697840000000000146e+03
1.950000000000000000e+02 8.247025641025642173e+00 1.608170000000000073e+03
1.950000000000000000e+02 8.209743589743588643e+00 1.600899999999999864e+03
1.950000000000000000e+02 8.132564102564101560e+00 1.585849999999999909e+03
1.950000000000000000e+02 8.291333333333332334e+00 1.616809999999999945e+03
1.950000000000000000e+02 8.477333333333332277e+00 1.653079999999999927e+03
1.950000000000000000e+02 8.026923076923077716e+00 1.565250000000000000e+03
1.950000000000000000e+02 9.110615384615384116e+00 1.776569999999999936e+03
1.950000000000000000e+02 8.981538461538461249e+00 1.751400000000000091e+03
1.950000000000000000e+02 7.576769230769230923e+00 1.477470000000000027e+03
1.950000000000000000e+02 8.694820512820511382e+00 1.695489999999999782e+03
1.950000000000000000e+02 7.994615384615383569e+00 1.558949999999999818e+03
1.950000000000000000e+02 7.553897435897437340e+00 1.473010000000000218e+03
1.950000000000000000e+02 8.881743589743589240e+00 1.731939999999999827e+03
1.950000000000000000e+02 8.226512820512821733e+00 1.604170000000000073e+03
1.950000000000000000e+02 8.515846153846153399e+00 1.660589999999999918e+03
1.950000000000000000e+02 9.123538461538462485e+00 1.779090000000000146e+03
1.950000000000000000e+02 8.753846153846154721e+00 1.707000000000000000e+03
1.950000000000000000e+02 8.452205128205129370e+00 1.648180000000000064e+03
1.950000000000000000e+02 8.555076923076921247e+00 1.668239999999999782e+03
1.950000000000000000e+02 7.949641025641025038e+00 1.550179999999999836e+03
1.950000000000000000e+02 7.756923076923076366e+00 1.512599999999999909e+03
1.950000000000000000e+02 8.414871794871794819e+00 1.640900000000000091e+03
1.950000000000000000e+02 7.514717948717947849e+00 1.465369999999999891e+03
1.950000000000000000e+02 8.146461538461538865e+00 1.588559999999999945e+03
1.950000000000000000e+02 7.958410256410255457e+00 1.551889999999999873e+03
1.950000000000000000e+02 8.367589743589743279e+00 1.631679999999999836e+03
1.950000000000000000e+02 8.269435897435897687e+00 1.612539999999999964e+03
1.950000000000000000e+02 8.183538461538461206e+00 1.595789999999999964e+03
1.950000000000000000e+02 6.964820512820513621e+00 1.358140000000000100e+03
1.950000000000000000e+02 7.190512820512821257e+00 1.402150000000000091e+03
1.950000000000000000e+02 8.158615384615384158e+00 1.590929999999999836e+03
1.950000000000000000e+02 7.719487179487180661e+00 1.505300000000000182e+03
1.950000000000000000e+02 8.076000000000000512e+00 1.574820000000000164e+03
1.950000000000000000e+02 7.340615384615385430e+00 1.431420000000000073e+03
1.950000000000000000e+02 7.817128205128204499e+00 1.524339999999999918e+03
1.950000000000000000e+02 8.879487179487179915e+00 1.731500000000000000e+03
1.950000000000000000e+02 8.036769230769230887e+00 1.567170000000000073e+03
1.950000000000000000e+02 7.314102564102563875e+00 1.426250000000000000e+03
1.950000000000000000e+02 8.537282051282051754e+00 1.664769999999999982e+03
1.950000000000000000e+02 8.059384615384615813e+00 1.571580000000000155e+03
1.950000000000000000e+02 8.140923076923076707e+00 1.587480000000000018e+03
1.950000000000000000e+02 8.353230769230767905e+00 1.628879999999999882e+03
1.950000000000000000e+02 8.253128205128204442e+00 1.609359999999999900e+03
1.950000000000000000e+02 8.131692307692306443e+00 1.585679999999999836e+03
1.950000000000000000e+02 8.376205128205128858e+00 1.633360000000000127e+03
1.950000000000000000e+02 8.154512820512820781e+00 1.590130000000000109e+03
1.950000000000000000e+02 8.212615384615384428e+00 1.601460000000000036e+03
1.950000000000000000e+02 8.428512820512819914e+00 1.643559999999999945e+03
1.950000000000000000e+02 8.339948717948717061e+00 1.626289999999999964e+03
1.950000000000000000e+02 7.466564102564102967e+00 1.455980000000000018e+03
1.950000000000000000e+02 7.984000000000000874e+00 1.556880000000000109e+03
1.950000000000000000e+02 7.433333333333333570e+00 1.449500000000000000e+03
1.950000000000000000e+02 7.888205128205127536e+00 1.538199999999999818e+03
1.950000000000000000e+02 8.586666666666667780e+00 1.674400000000000091e+03
1.950000000000000000e+02 7.534461538461538765e+00 1.469220000000000027e+03
1.950000000000000000e+02 8.698820512820512718e+00 1.696269999999999982e+03
1.950000000000000000e+02 8.215641025641026829e+00 1.602050000000000182e+03
1.950000000000000000e+02 7.731230769230769795e+00 1.507590000000000146e+03
1.950000000000000000e+02 8.056051282051281959e+00 1.570929999999999836e+03
1.950000000000000000e+02 7.567641025641026253e+00 1.475690000000000055e+03
1.950000000000000000e+02 7.623897435897436736e+00 1.486660000000000082e+03
1.950000000000000000e+02 7.431435897435896720e+00 1.449129999999999882e+03
1.950000000000000000e+02 8.075025641025641576e+00 1.574630000000000109e+03
1.950000000000000000e+02 7.305589743589743001e+00 1.424589999999999918e+03
1.950000000000000000e+02 7.769589743589743414e+00 1.515069999999999936e+03
1.950000000000000000e+02 7.975538461538461910e+00 1.555230000000000018e+03
1.950000000000000000e+02 7.590051282051281767e+00 1.480059999999999945e+03
1.950000000000000000e+02 8.085948717948717501e+00 1.576759999999999991e+03
1.950000000000000000e+02 8.409743589743589709e+00 1.639900000000000091e+03
1.950000000000000000e+02 8.022051282051281262e+00 1.564299999999999955e+03
1.950000000000000000e+02 7.398923076923076714e+00 1.442789999999999964e+03
1.950000000000000000e+02 7.544666666666667076e+00 1.471210000000000036e+03
1.950000000000000000e+02 7.556923076923076188e+00 1.473599999999999909e+03
1.950000000000000000e+02 7.807128205128204712e+00 1.522389999999999873e+03
1.950000000000000000e+02 7.120923076923076245e+00 1.388579999999999927e+03
1.950000000000000000e+02 7.567846153846153889e+00 1.475730000000000018e+03
1.950000000000000000e+02 8.368102564102564145e+00 1.631779999999999973e+03
1.950000000000000000e+02 8.542871794871794933e+00 1.665860000000000127e+03
1.950000000000000000e+02 8.296205128205128787e+00 1.617760000000000218e+03
1.950000000000000000e+02 8.310564102564102384e+00 1.620559999999999945e+03
1.950000000000000000e+02 7.325333333333333918e+00 1.428440000000000055e+03
1.950000000000000000e+02 8.237948717948718524e+00 1.606400000000000091e+03
1.950000000000000000e+02 7.863025641025640944e+00 1.533289999999999964e+03
1.950000000000000000e+02 7.726153846153845706e+00 1.506599999999999909e+03
1.950000000000000000e+02 9.414307692307692932e+00 1.835790000000000191e+03
1.950000000000000000e+02 8.579282051282051569e+00 1.672960000000000036e+03
1.950000000000000000e+02 7.047794871794872407e+00 1.374320000000000164e+03
1.950000000000000000e+02 8.802615384615386063e+00 1.716510000000000218e+03
1.950000000000000000e+02 8.225435897435897203e+00 1.603960000000000036e+03
1.950000000000000000e+02 7.951999999999999069e+00 1.550639999999999873e+03
1.950000000000000000e+02 8.634307692307691795e+00 1.683690000000000055e+03
1.950000000000000000e+02 8.826153846153845350e+00 1.721099999999999909e+03
1.950000000000000000e+02 8.559179487179486401e+00 1.669039999999999964e+03
1.950000000000000000e+02 8.890871794871795686e+00 1.733720000000000027e+03
