2.400000000000000000e+01 0.000000000000000000e+00 0.000000000000000000e+00
8.900000000000000000e+01 8.496067415730337302e+00 7.561499999999999773e+02
8.900000000000000000e+01 6.649662921348314271e+00 5.918199999999999363e+02
8.900000000000000000e+01 6.301348314606742385e+00 5.608200000000000500e+02
8.900000000000000000e+01 6.448089887640450435e+00 5.738800000000001091e+02
8.900000000000000000e+01 5.851685393258426515e+00 5.207999999999999545e+02
8.900000000000000000e+01 3.599325842696629696e+00 3.203400000000000318e+02
8.900000000000000000e+01 4.325617977528089853e+00 3.849800000000000182e+02
8.900000000000000000e+01 6.338089887640450115e+00 5.640900000000000318e+02
8.900000000000000000e+01 5.495842696629213542e+00 4.891299999999999955e+02
8.900000000000000000e+01 3.353707865168539470e+00 2.984800000000000182e+02
8.900000000000000000e+01 3.034831460674157544e+00 2.701000000000000227e+02
8.900000000000000000e+01 1.991348314606741443e+00 1.772299999999999898e+02
8.900000000000000000e+01 1.279775280898876488e+00 1.139000000000000057e+02
8.900000000000000000e+01 2.577528089887640039e+00 2.293999999999999773e+02
8.900000000000000000e+01 1.769325842696629181e+00 1.574699999999999989e+02
8.900000000000000000e+01 1.667977528089887862e+00 1.484500000000000171e+02
8.900000000000000000e+01 1.975280898876404567e+00 1.758000000000000114e+02
8.900000000000000000e+01 1.423258426966292012e+00 1.266699999999999875e+02
8.900000000000000000e+01 1.528539325842696472e+00 1.360399999999999920e+02
8.900000000000000000e+01 4.602247191011236138e-01 4.096000000000000085e+01
8.900000000000000000e+01 1.101460674157303421e+00 9.803000000000000114e+01
8.900000000000000000e+01 9.132584269662921139e-01 8.128000000000000114e+01
8.800000000000000000e+01 6.276136363636364290e-01 5.523000000000000398e+01
8.800000000000000000e+01 4.754545454545455185e-01 4.184000000000000341e+01
8.900000000000000000e+01 8.132584269662921361e-01 7.237999999999999545e+01
8.900000000000000000e+01 7.149438202247191398e-01 6.363000000000000256e+01
8.900000000000000000e+01 6.887640449438201529e-01 6.129999999999999716e+01
8.900000000000000000e+01 1.313820224719101093e+00 1.169300000000000068e+02
8.900000000000000000e+01 7.274157303370786254e-01 6.473999999999999488e+01
8.900000000000000000e+01 5.119101123595506397e-01 4.556000000000000227e+01
8.900000000000000000e+01 1.234269662921348321e+00 1.098499999999999943e+02
8.900000000000000000e+01 1.040898876404494411e+00 9.264000000000000057e+01
8.900000000000000000e+01 6.204494382022471832e-01 5.521999999999999886e+01
8.900000000000000000e+01 1.793932584269662511e+00 1.596599999999999682e+02
8.900000000000000000e+01 1.058202247191011303e+00 9.418000000000000682e+01
8.900000000000000000e+01 7.974157303370786876e-01 7.096999999999999886e+01
8.900000000000000000e+01 1.828651685393258397e+00 1.627500000000000000e+02
8.900000000000000000e+01 1.628988764044944082e+00 1.449800000000000182e+02
8.900000000000000000e+01 1.000112359550561658e+00 8.900999999999999091e+01
8.900000000000000000e+01 4.323595505617978119e-01 3.848000000000000398e+01
8.900000000000000000e+01 1.866516853932584263e+00 1.661200000000000045e+02
8.900000000000000000e+01 1.071348314606741514e+00 9.534999999999999432e+01
8.900000000000000000e+01 1.742022471910112280e+00 1.550399999999999920e+02
8.900000000000000000e+01 1.229550561797752906e+00 1.094300000000000068e+02
8.900000000000000000e+01 1.165617977528089932e+00 1.037400000000000091e+02
8.900000000000000000e+01 1.073370786516854025e+00 9.553000000000000114e+01
8.900000000000000000e+01 1.021348314606741692e+00 9.090000000000000568e+01
8.900000000000000000e+01 1.024943820224719193e+00 9.122000000000001307e+01
8.900000000000000000e+01 1.467415730337078505e+00 1.305999999999999943e+02
8.900000000000000000e+01 9.633707865168540385e-01 8.574000000000000909e+01
8.900000000000000000e+01 5.476404494382022259e-01 4.874000000000000199e+01
8.900000000000000000e+01 7.757303370786517993e-01 6.904000000000000625e+01
8.900000000000000000e+01 1.040786516853932531e+00 9.262999999999999545e+01
8.900000000000000000e+01 1.881123595505617807e+00 1.674199999999999875e+02
8.900000000000000000e+01 1.144831460674157197e+00 1.018899999999999864e+02
8.900000000000000000e+01 1.939325842696629110e+00 1.725999999999999943e+02
8.900000000000000000e+01 6.659550561797752399e-01 5.926999999999999602e+01
8.900000000000000000e+01 1.141011235955056380e+00 1.015500000000000114e+02
8.900000000000000000e+01 1.409887640449438040e+00 1.254799999999999898e+02
8.900000000000000000e+01 3.049438202247191088e-01 2.714000000000000057e+01
8.900000000000000000e+01 1.395505617977527979e-01 1.241999999999999993e+01
8.900000000000000000e+01 1.214269662921348303e+00 1.080700000000000074e+02
8.900000000000000000e+01 7.631460674157302115e-01 6.791999999999998749e+01
8.900000000000000000e+01 7.010112359550562111e-01 6.239000000000000057e+01
8.900000000000000000e+01 1.191573033707865159e+00 1.060499999999999972e+02
8.900000000000000000e+01 2.183146067415730196e-01 1.942999999999999972e+01
8.900000000000000000e+01 2.117977528089887429e-01 1.884999999999999787e+01
8.900000000000000000e+01 1.344943820224719033e+00 1.196999999999999886e+02
8.900000000000000000e+01 7.620224719101122979e-01 6.781999999999999318e+01
8.900000000000000000e+01 5.283146067415729341e-01 4.701999999999999602e+01
8.900000000000000000e+01 1.002247191011236049e+00 8.920000000000000284e+01
8.900000000000000000e+01 5.843820224719100676e-01 5.200999999999999801e+01
8.900000000000000000e+01 5.982022471910112271e-01 5.324000000000000199e+01
8.900000000000000000e+01 8.160674157303370313e-01 7.262999999999999545e+01
8.900000000000000000e+01 1.089775280898876542e+00 9.699000000000000909e+01
8.900000000000000000e+01 6.255056179775281278e-01 5.567000000000000171e+01
8.900000000000000000e+01 5.761797752808989204e-01 5.128000000000000114e+01
8.900000000000000000e+01 1.654269662921348250e+00 1.472299999999999898e+02
8.900000000000000000e+01 8.016853932584269149e-01 7.134999999999999432e+01
8.900000000000000000e+01 6.155056179775281189e-01 5.478000000000000114e+01
8.900000000000000000e+01 2.112359550561797583e+00 1.880000000000000000e+02
8.900000000000000000e+01 1.498314606741572907e+00 1.333499999999999943e+02
8.900000000000000000e+01 2.098089887640449458e+00 1.867300000000000182e+02
8.900000000000000000e+01 1.498764044943819984e+00 1.333899999999999864e+02
8.900000000000000000e+01 1.505730337078651671e+00 1.340099999999999909e+02
8.900000000000000000e+01 8.093258426966292163e-01 7.203000000000000114e+01
8.900000000000000000e+01 7.880898876404492936e-01 7.013999999999998636e+01
8.900000000000000000e+01 9.791011235955058289e-01 8.714000000000001478e+01
8.900000000000000000e+01 1.039101123595505438e+00 9.247999999999998977e+01
8.900000000000000000e+01 8.558426966292135285e-01 7.617000000000000171e+01
8.900000000000000000e+01 5.113483146067415719e-01 4.550999999999999801e+01
8.900000000000000000e+01 3.112359550561797916e-01 2.770000000000000284e+01
8.900000000000000000e+01 2.704494382022472054e-01 2.407000000000000028e+01
8.900000000000000000e+01 2.539325842696629199e-01 2.260000000000000142e+01
8.900000000000000000e+01 1.356179775280898780e-01 1.206999999999999851e+01
8.800000000000000000e+01 3.651136363636363069e-01 3.212999999999999545e+01
8.800000000000000000e+01 0.000000000000000000e+00 0.000000000000000000e+00
8.900000000000000000e+01 2.805617977528089835e-01 2.496999999999999886e+01
8.900000000000000000e+01 5.312359550561798205e-01 4.728000000000000114e+01
