2.200000000000000000e+01 0.000000000000000000e+00 0.000000000000000000e+00
5.900000000000000000e+01 7.496271186440678136e+00 4.422800000000000296e+02
5.900000000000000000e+01 8.146610169491523834e+00 4.806499999999999204e+02
5.900000000000000000e+01 4.433559322033898908e+00 2.615800000000000409e+02
5.900000000000000000e+01 5.877627118644068283e+00 3.467800000000000296e+02
5.900000000000000000e+01 5.665762711864407386e+00 3.342800000000000296e+02
5.900000000000000000e+01 6.311355932203389862e+00 3.723700000000000045e+02
5.900000000000000000e+01 6.669830508474574593e+00 3.935199999999999250e+02
5.900000000000000000e+01 4.812711864406779227e+00 2.839499999999999886e+02
5.900000000000000000e+01 3.682372881355932215e+00 2.172599999999999909e+02
5.900000000000000000e+01 4.480677966101693777e+00 2.643599999999999568e+02
5.900000000000000000e+01 2.797288135593219760e+00 1.650399999999999636e+02
5.900000000000000000e+01 1.902033898305085069e+00 1.122200000000000131e+02
5.900000000000000000e+01 2.171016949152542619e+00 1.280900000000000034e+02
5.900000000000000000e+01 1.109491525423728753e+00 6.545999999999999375e+01
5.900000000000000000e+01 5.913559322033898891e-01 3.489000000000000057e+01
5.900000000000000000e+01 2.214745762711864518e+00 1.306700000000000159e+02
5.900000000000000000e+01 1.305423728813559503e+00 7.702000000000001023e+01
5.900000000000000000e+01 1.006440677966101704e+00 5.938000000000000256e+01
5.900000000000000000e+01 1.691525423728813537e+00 9.979999999999999716e+01
5.900000000000000000e+01 1.628474576271186081e+00 9.607999999999998408e+01
5.900000000000000000e+01 2.072372881355931895e+00 1.222699999999999818e+02
5.900000000000000000e+01 1.989491525423728646e+00 1.173799999999999955e+02
5.900000000000000000e+01 1.598135593220338935e+00 9.428999999999999204e+01
5.900000000000000000e+01 1.357966101694915384e+00 8.012000000000000455e+01
5.900000000000000000e+01 2.268644067796610209e+00 1.338499999999999943e+02
5.800000000000000000e+01 1.130000000000000115e+00 6.554000000000000625e+01
5.800000000000000000e+01 1.740862068965517206e+00 1.009699999999999989e+02
5.900000000000000000e+01 2.087627118644067803e+00 1.231700000000000017e+02
5.900000000000000000e+01 1.147966101694914975e+00 6.772999999999998977e+01
5.900000000000000000e+01 8.215254237288135419e-01 4.846999999999999886e+01
5.900000000000000000e+01 1.378305084745762521e+00 8.131999999999999318e+01
5.900000000000000000e+01 1.206271186440678100e+00 7.117000000000000171e+01
5.900000000000000000e+01 1.504915254237288336e+00 8.879000000000000625e+01
5.900000000000000000e+01 6.179661016949152819e-01 3.646000000000000085e+01
5.900000000000000000e+01 2.498305084745763072e+00 1.474000000000000341e+02
5.900000000000000000e+01 3.135932203389830253e+00 1.850199999999999818e+02
5.900000000000000000e+01 2.267118644067796840e+00 1.337600000000000193e+02
5.900000000000000000e+01 1.478135593220339050e+00 8.721000000000000796e+01
5.900000000000000000e+01 1.543728813559322344e+00 9.108000000000001251e+01
5.900000000000000000e+01 8.898305084745762317e-01 5.250000000000000000e+01
5.900000000000000000e+01 2.456271186440677656e+00 1.449199999999999875e+02
5.900000000000000000e+01 1.620847457627118571e+00 9.562999999999999545e+01
5.900000000000000000e+01 8.674576271186441589e-01 5.118000000000000682e+01
5.900000000000000000e+01 1.690847457627118411e+00 9.975999999999999091e+01
5.900000000000000000e+01 1.036949152542372854e+00 6.117999999999999261e+01
5.900000000000000000e+01 5.184745762711864270e-01 3.058999999999999986e+01
5.900000000000000000e+01 2.620338983050847670e+00 1.546000000000000227e+02
5.900000000000000000e+01 2.104406779661017080e+00 1.241599999999999966e+02
5.900000000000000000e+01 1.653050847457627093e+00 9.753000000000000114e+01
5.900000000000000000e+01 1.369152542372881198e+00 8.077999999999998693e+01
5.900000000000000000e+01 1.565762711864406631e+00 9.237999999999999545e+01
5.900000000000000000e+01 1.375423728813559343e+00 8.115000000000000568e+01
5.900000000000000000e+01 1.134915254237288007e+00 6.695999999999999375e+01
5.900000000000000000e+01 7.805084745762711496e-01 4.604999999999999716e+01
5.900000000000000000e+01 7.674576271186440701e-01 4.528000000000000114e+01
5.900000000000000000e+01 7.311864406779661207e-01 4.314000000000000057e+01
5.900000000000000000e+01 8.476271186440678118e-01 5.000999999999999801e+01
5.900000000000000000e+01 8.650847457627118819e-01 5.103999999999999915e+01
5.800000000000000000e+01 1.119827586206896264e+00 6.494999999999998863e+01
5.800000000000000000e+01 4.493103448275862499e-01 2.606000000000000227e+01
5.900000000000000000e+01 9.737288135593220595e-01 5.745000000000000284e+01
5.900000000000000000e+01 2.074067796610169712e+00 1.223700000000000045e+02
5.900000000000000000e+01 7.589830508474576520e-01 4.478000000000000114e+01
5.900000000000000000e+01 8.893220338983052198e-01 5.247000000000000597e+01
5.900000000000000000e+01 1.195932203389830528e+00 7.056000000000000227e+01
5.900000000000000000e+01 1.845762711864406824e-01 1.089000000000000057e+01
5.900000000000000000e+01 1.075084745762711957e+00 6.343000000000000682e+01
5.900000000000000000e+01 1.735932203389830786e+00 1.024200000000000159e+02
5.900000000000000000e+01 6.672881355932204217e-01 3.937000000000000455e+01
5.900000000000000000e+01 1.311864406779661207e+00 7.740000000000000568e+01
5.900000000000000000e+01 9.544067796610168353e-01 5.630999999999999517e+01
5.900000000000000000e+01 6.213559322033898047e-01 3.665999999999999659e+01
5.900000000000000000e+01 8.889830508474576565e-01 5.245000000000000284e+01
5.900000000000000000e+01 2.860677966101695002e+00 1.687800000000000011e+02
5.900000000000000000e+01 1.933728813559322024e+00 1.140900000000000034e+02
5.900000000000000000e+01 3.650169491525423915e+00 2.153600000000000136e+02
5.900000000000000000e+01 2.320508474576270963e+00 1.369099999999999966e+02
5.900000000000000000e+01 8.754237288135592321e-01 5.164999999999999147e+01
5.900000000000000000e+01 3.092542372881355472e+00 1.824599999999999795e+02
5.900000000000000000e+01 4.413220338983050439e+00 2.603799999999999955e+02
5.900000000000000000e+01 3.382372881355931948e+00 1.995599999999999739e+02
5.900000000000000000e+01 3.835254237288135748e+00 2.262800000000000011e+02
5.900000000000000000e+01 1.652881355932203533e+00 9.752000000000001023e+01
5.900000000000000000e+01 2.064237288135593484e+00 1.217900000000000063e+02
5.900000000000000000e+01 2.776610169491525504e+00 1.638199999999999932e+02
5.900000000000000000e+01 1.929830508474576156e+00 1.138599999999999994e+02
5.900000000000000000e+01 1.175932203389830510e+00 6.937999999999999545e+01
5.900000000000000000e+01 1.767457627118644181e+00 1.042800000000000011e+02
5.900000000000000000e+01 1.598474576271186498e+00 9.431000000000000227e+01
5.900000000000000000e+01 1.852711864406779707e+00 1.093100000000000023e+02
5.900000000000000000e+01 1.003050847457626960e+00 5.917999999999999261e+01
5.900000000000000000e+01 1.023728813559322104e+00 6.039999999999999858e+01
5.900000000000000000e+01 8.699999999999999956e-01 5.132999999999999829e+01
5.900000000000000000e+01 5.744067796610169419e-01 3.389000000000000057e+01
5.900000000000000000e+01 1.271186440677966045e-01 7.500000000000000000e+00
5.900000000000000000e+01 2.060000000000000053e+00 1.215400000000000063e+02
5.900000000000000000e+01 9.998305084745762183e-01 5.898999999999999488e+01
5.900000000000000000e+01 7.162711864406779982e-01 4.226000000000000512e+01
5.900000000000000000e+01 3.164067796610169570e+00 1.866800000000000068e+02
