2.400000000000000000e+01 0.000000000000000000e+00 0.000000000000000000e+00
2.950000000000000000e+02 5.935593220338983400e+00 1.751000000000000000e+03
2.950000000000000000e+02 8.148915254237287797e+00 2.403929999999999836e+03
2.950000000000000000e+02 5.749322033898304873e+00 1.696049999999999955e+03
2.950000000000000000e+02 6.904203389830508186e+00 2.036740000000000009e+03
2.950000000000000000e+02 6.506542372881356506e+00 1.919430000000000064e+03
2.950000000000000000e+02 6.172067796610170021e+00 1.820760000000000218e+03
2.950000000000000000e+02 6.647864406779660840e+00 1.961119999999999891e+03
2.950000000000000000e+02 5.840033898305084570e+00 1.722809999999999945e+03
2.950000000000000000e+02 6.373322033898305428e+00 1.880130000000000109e+03
2.950000000000000000e+02 6.230644067796609953e+00 1.838039999999999964e+03
2.950000000000000000e+02 5.773864406779661174e+00 1.703289999999999964e+03
2.950000000000000000e+02 6.176067796610169580e+00 1.821940000000000055e+03
2.950000000000000000e+02 5.000338983050848007e+00 1.475100000000000136e+03
2.950000000000000000e+02 5.688779661016948985e+00 1.678190000000000055e+03
2.950000000000000000e+02 5.334101694915253766e+00 1.573559999999999945e+03
2.950000000000000000e+02 5.981627118644067487e+00 1.764579999999999927e+03
2.950000000000000000e+02 6.483457627118644595e+00 1.912620000000000118e+03
2.950000000000000000e+02 5.151728813559321551e+00 1.519759999999999764e+03
2.950000000000000000e+02 6.296677966101694501e+00 1.857519999999999982e+03
2.950000000000000000e+02 5.599728813559321949e+00 1.651920000000000073e+03
2.950000000000000000e+02 6.206203389830507788e+00 1.830829999999999927e+03
2.950000000000000000e+02 7.098169491525423425e+00 2.093960000000000036e+03
2.950000000000000000e+02 6.330915254237288181e+00 1.867620000000000118e+03
2.950000000000000000e+02 7.107864406779659916e+00 2.096819999999999709e+03
2.950000000000000000e+02 5.787355932203389841e+00 1.707269999999999982e+03
2.950000000000000000e+02 6.257864406779661159e+00 1.846070000000000164e+03
2.950000000000000000e+02 5.574677966101694082e+00 1.644529999999999745e+03
2.950000000000000000e+02 5.733966101694915274e+00 1.691519999999999982e+03
2.950000000000000000e+02 6.494576271186439875e+00 1.915899999999999864e+03
2.950000000000000000e+02 5.337796610169491807e+00 1.574650000000000091e+03
2.950000000000000000e+02 6.236237288135593637e+00 1.839690000000000055e+03
2.950000000000000000e+02 5.795762711864406391e+00 1.709750000000000000e+03
2.950000000000000000e+02 5.927593220338983393e+00 1.748640000000000100e+03
2.950000000000000000e+02 6.735932203389831230e+00 1.987100000000000136e+03
2.950000000000000000e+02 5.635932203389830697e+00 1.662600000000000136e+03
2.950000000000000000e+02 6.895525423728813941e+00 2.034180000000000064e+03
2.950000000000000000e+02 4.941355932203388868e+00 1.457699999999999818e+03
2.950000000000000000e+02 6.437016949152542189e+00 1.898919999999999845e+03
2.950000000000000000e+02 6.080847457627118757e+00 1.793849999999999909e+03
2.950000000000000000e+02 5.796610169491525077e+00 1.710000000000000000e+03
2.950000000000000000e+02 5.904372881355931746e+00 1.741789999999999964e+03
2.950000000000000000e+02 5.113728813559323072e+00 1.508550000000000182e+03
2.950000000000000000e+02 5.392983050847457882e+00 1.590930000000000064e+03
2.950000000000000000e+02 5.136813559322034095e+00 1.515360000000000127e+03
2.950000000000000000e+02 5.571220338983049913e+00 1.643509999999999764e+03
2.950000000000000000e+02 6.251355932203390253e+00 1.844150000000000091e+03
2.950000000000000000e+02 5.501796610169492396e+00 1.623030000000000200e+03
2.950000000000000000e+02 6.531355932203389614e+00 1.926750000000000000e+03
2.950000000000000000e+02 5.400474576271187210e+00 1.593140000000000100e+03
2.950000000000000000e+02 5.212847457627118430e+00 1.537789999999999964e+03
2.950000000000000000e+02 5.937559322033898468e+00 1.751579999999999927e+03
2.950000000000000000e+02 5.845864406779662126e+00 1.724530000000000200e+03
2.950000000000000000e+02 6.026576271186440792e+00 1.777839999999999918e+03
2.950000000000000000e+02 4.765050847457627192e+00 1.405690000000000055e+03
2.950000000000000000e+02 6.610067796610168855e+00 1.949969999999999800e+03
2.950000000000000000e+02 5.890542372881355959e+00 1.737710000000000036e+03
2.950000000000000000e+02 4.597118644067797355e+00 1.356150000000000091e+03
2.950000000000000000e+02 5.683864406779661316e+00 1.676740000000000009e+03
2.950000000000000000e+02 4.853728813559321509e+00 1.431849999999999909e+03
2.950000000000000000e+02 6.966508474576270871e+00 2.055119999999999891e+03
2.950000000000000000e+02 6.187966101694915011e+00 1.825449999999999818e+03
2.950000000000000000e+02 5.644101694915254264e+00 1.665009999999999991e+03
2.950000000000000000e+02 6.277355932203390054e+00 1.851820000000000164e+03
2.950000000000000000e+02 5.843118644067796907e+00 1.723720000000000027e+03
2.950000000000000000e+02 7.008677966101695134e+00 2.067559999999999945e+03
2.950000000000000000e+02 6.525016949152541379e+00 1.924879999999999654e+03
2.950000000000000000e+02 6.803559322033898127e+00 2.007049999999999955e+03
2.950000000000000000e+02 6.299661016949152703e+00 1.858400000000000091e+03
2.950000000000000000e+02 6.710372881355931796e+00 1.979559999999999945e+03
2.950000000000000000e+02 6.565864406779660989e+00 1.936930000000000064e+03
2.950000000000000000e+02 5.077220338983051029e+00 1.497779999999999973e+03
2.950000000000000000e+02 6.104745762711864643e+00 1.800900000000000091e+03
2.950000000000000000e+02 6.428610169491525639e+00 1.896440000000000055e+03
2.950000000000000000e+02 6.175050847457627334e+00 1.821640000000000100e+03
2.950000000000000000e+02 6.599254237288135094e+00 1.946779999999999973e+03
2.950000000000000000e+02 5.961355932203389330e+00 1.758599999999999909e+03
2.950000000000000000e+02 6.380440677966102037e+00 1.882230000000000018e+03
2.950000000000000000e+02 6.164203389830508861e+00 1.818440000000000055e+03
2.950000000000000000e+02 6.208135593220339032e+00 1.831400000000000091e+03
2.950000000000000000e+02 6.717084745762711862e+00 1.981539999999999964e+03
2.950000000000000000e+02 5.597152542372882067e+00 1.651160000000000082e+03
2.950000000000000000e+02 7.164440677966102733e+00 2.113510000000000218e+03
2.950000000000000000e+02 5.053220338983051008e+00 1.490700000000000045e+03
2.950000000000000000e+02 6.513762711864406363e+00 1.921559999999999945e+03
2.950000000000000000e+02 6.232610169491525021e+00 1.838619999999999891e+03
2.950000000000000000e+02 5.617932203389830903e+00 1.657290000000000191e+03
2.950000000000000000e+02 7.048542372881356322e+00 2.079320000000000164e+03
2.950000000000000000e+02 5.232305084745763502e+00 1.543530000000000200e+03
2.950000000000000000e+02 6.057389830508475015e+00 1.786930000000000064e+03
2.950000000000000000e+02 5.694033898305083774e+00 1.679739999999999782e+03
2.950000000000000000e+02 5.629152542372882095e+00 1.660600000000000136e+03
2.950000000000000000e+02 6.595186440677966111e+00 1.945579999999999927e+03
2.950000000000000000e+02 5.973389830508474496e+00 1.762149999999999864e+03
2.950000000000000000e+02 6.299932203389830399e+00 1.858480000000000018e+03
2.950000000000000000e+02 5.590779661016949120e+00 1.649279999999999973e+03
2.950000000000000000e+02 6.438474576271185690e+00 1.899349999999999909e+03
2.950000000000000000e+02 6.252440677966101923e+00 1.844470000000000027e+03
2.950000000000000000e+02 5.350542372881355035e+00 1.578409999999999854e+03
2.950000000000000000e+02 6.171457627118643430e+00 1.820579999999999927e+03
