8.000000000000000000e+00 0.000000000000000000e+00 0.000000000000000000e+00
1.000000000000000000e+01 9.559000000000001052e+00 9.559000000000000341e+01
1.000000000000000000e+01 4.750000000000000000e+00 4.750000000000000000e+01
1.000000000000000000e+01 1.389000000000000012e+00 1.389000000000000057e+01
1.000000000000000000e+01 1.137999999999999901e+00 1.137999999999999901e+01
1.000000000000000000e+01 3.000000000000000062e-03 2.999999999999999889e-02
1.000000000000000000e+01 2.781000000000000139e+00 2.781000000000000227e+01
1.000000000000000000e+01 3.213999999999999968e+00 3.214000000000000057e+01
1.000000000000000000e+01 6.642000000000000348e+00 6.642000000000000171e+01
1.000000000000000000e+01 6.051999999999999602e+00 6.051999999999999602e+01
1.000000000000000000e+01 8.605999999999999872e+00 8.606000000000000227e+01
1.000000000000000000e+01 7.089999999999998970e+00 7.089999999999999147e+01
1.000000000000000000e+01 6.790000000000000924e+00 6.790000000000000568e+01
1.000000000000000000e+01 3.525999999999999801e+00 3.525999999999999801e+01
1.000000000000000000e+01 4.934999999999999609e+00 4.934999999999999432e+01
1.000000000000000000e+01 5.662999999999999368e+00 5.662999999999999545e+01
1.000000000000000000e+01 9.034000000000000696e+00 9.034000000000000341e+01
1.000000000000000000e+01 9.970000000000000639e+00 9.970000000000000284e+01
1.000000000000000000e+01 7.425999999999999268e+00 7.425999999999999091e+01
1.000000000000000000e+01 7.142000000000000348e+00 7.142000000000000171e+01
1.000000000000000000e+01 6.355999999999999872e+00 6.355999999999999517e+01
1.000000000000000000e+01 5.389000000000000234e+00 5.389000000000000057e+01
1.000000000000000000e+01 5.818999999999999950e+00 5.818999999999999773e+01
1.000000000000000000e+01 4.685999999999999943e+00 4.685999999999999943e+01
1.000000000000000000e+01 7.096999999999999531e+00 7.096999999999999886e+01
1.000000000000000000e+01 6.258000000000000007e+00 6.257999999999999829e+01
1.000000000000000000e+01 6.968999999999999417e+00 6.968999999999999773e+01
1.000000000000000000e+01 7.766000000000000902e+00 7.766000000000001080e+01
1.000000000000000000e+01 8.080000000000000071e+00 8.079999999999999716e+01
1.000000000000000000e+01 9.583000000000001961e+00 9.583000000000001251e+01
1.000000000000000000e+01 7.456999999999998963e+00 7.456999999999999318e+01
1.000000000000000000e+01 1.006599999999999895e+01 1.006599999999999966e+02
1.000000000000000000e+01 9.080000000000001847e+00 9.080000000000001137e+01
1.000000000000000000e+01 1.045500000000000007e+01 1.045499999999999972e+02
1.000000000000000000e+01 1.025700000000000145e+01 1.025700000000000074e+02
1.000000000000000000e+01 1.022100000000000009e+01 1.022099999999999937e+02
1.000000000000000000e+01 5.965999999999999304e+00 5.965999999999999659e+01
1.000000000000000000e+01 2.683000000000000718e+00 2.683000000000000540e+01
1.000000000000000000e+01 5.807000000000000384e+00 5.807000000000000028e+01
1.000000000000000000e+01 3.008999999999999453e+00 3.008999999999999631e+01
1.000000000000000000e+01 2.823999999999999844e+00 2.823999999999999844e+01
1.000000000000000000e+01 1.470999999999999863e+00 1.470999999999999908e+01
1.000000000000000000e+01 3.701999999999999513e+00 3.701999999999999602e+01
1.000000000000000000e+01 5.440999999999999837e+00 5.440999999999999659e+01
1.000000000000000000e+01 4.518000000000000682e+00 4.518000000000000682e+01
1.000000000000000000e+01 7.824000000000000732e+00 7.824000000000000909e+01
1.000000000000000000e+01 3.524999999999999911e+00 3.525000000000000000e+01
1.000000000000000000e+01 5.578000000000000291e+00 5.578000000000000114e+01
1.000000000000000000e+01 5.189000000000000057e+00 5.189000000000000057e+01
1.000000000000000000e+01 7.604000000000000981e+00 7.604000000000000625e+01
1.000000000000000000e+01 1.015399999999999814e+01 1.015399999999999778e+02
1.000000000000000000e+01 1.018100000000000094e+01 1.018100000000000023e+02
1.000000000000000000e+01 7.186999999999999389e+00 7.186999999999999034e+01
1.000000000000000000e+01 5.068999999999999950e+00 5.068999999999999773e+01
1.000000000000000000e+01 3.145999999999999908e+00 3.146000000000000085e+01
1.000000000000000000e+01 3.687000000000000277e+00 3.687000000000000455e+01
1.000000000000000000e+01 7.112000000000000099e+00 7.112000000000000455e+01
1.000000000000000000e+01 5.910999999999999588e+00 5.910999999999999943e+01
1.000000000000000000e+01 7.668000000000001037e+00 7.668000000000000682e+01
1.000000000000000000e+01 6.272999999999999687e+00 6.272999999999999687e+01
1.000000000000000000e+01 8.627000000000000668e+00 8.627000000000001023e+01
1.000000000000000000e+01 6.347999999999999865e+00 6.347999999999999687e+01
1.000000000000000000e+01 6.331000000000000405e+00 6.331000000000000227e+01
1.000000000000000000e+01 9.330999999999999517e+00 9.331000000000000227e+01
1.000000000000000000e+01 6.006000000000000227e+00 6.006000000000000227e+01
1.000000000000000000e+01 5.822999999999999510e+00 5.822999999999999687e+01
1.000000000000000000e+01 7.373000000000000220e+00 7.373000000000000398e+01
1.000000000000000000e+01 8.611000000000000654e+00 8.610999999999999943e+01
1.000000000000000000e+01 6.431000000000000050e+00 6.431000000000000227e+01
1.000000000000000000e+01 7.823000000000000398e+00 7.823000000000000398e+01
1.000000000000000000e+01 8.086999999999999744e+00 8.086999999999999034e+01
1.000000000000000000e+01 2.532000000000000028e+00 2.532000000000000028e+01
1.000000000000000000e+01 1.326999999999999957e+00 1.326999999999999957e+01
1.000000000000000000e+01 2.648000000000000131e+00 2.648000000000000043e+01
1.000000000000000000e+01 4.525000000000000355e+00 4.525000000000000000e+01
1.000000000000000000e+01 2.196000000000000174e+00 2.196000000000000085e+01
1.000000000000000000e+01 1.415999999999999925e+00 1.415999999999999837e+01
1.000000000000000000e+01 4.842999999999999972e+00 4.842999999999999972e+01
1.000000000000000000e+01 6.473000000000000753e+00 6.473000000000000398e+01
1.000000000000000000e+01 8.497999999999999332e+00 8.497999999999998977e+01
1.000000000000000000e+01 4.637999999999999901e+00 4.637999999999999545e+01
1.000000000000000000e+01 6.715999999999999304e+00 6.715999999999999659e+01
1.000000000000000000e+01 1.803000000000000158e+00 1.803000000000000114e+01
1.000000000000000000e+01 1.113099999999999845e+01 1.113099999999999881e+02
1.000000000000000000e+01 9.846000000000000085e+00 9.846000000000000796e+01
1.000000000000000000e+01 1.172800000000000153e+01 1.172800000000000153e+02
1.000000000000000000e+01 1.229599999999999937e+01 1.229599999999999937e+02
1.000000000000000000e+01 9.804999999999999716e+00 9.804999999999999716e+01
1.000000000000000000e+01 8.044000000000000483e+00 8.043999999999999773e+01
1.000000000000000000e+01 6.837000000000000632e+00 6.837000000000000455e+01
1.000000000000000000e+01 7.875000000000000000e+00 7.875000000000000000e+01
1.000000000000000000e+01 6.020999999999999908e+00 6.021000000000000085e+01
1.000000000000000000e+01 2.720000000000000195e+00 2.720000000000000284e+01
1.000000000000000000e+01 3.252000000000000224e+00 3.252000000000000313e+01
1.000000000000000000e+01 6.380999999999999339e+00 6.380999999999999517e+01
1.000000000000000000e+01 6.606999999999999318e+00 6.606999999999999318e+01
1.000000000000000000e+01 8.846999999999999531e+00 8.846999999999999886e+01
1.000000000000000000e+01 9.692000000000000171e+00 9.692000000000000171e+01
1.000000000000000000e+01 1.007599999999999874e+01 1.007599999999999909e+02
1.000000000000000000e+01 5.435999999999999943e+00 5.435999999999999943e+01
