2.400000000000000000e+01 0.000000000000000000e+00 0.000000000000000000e+00
8.900000000000000000e+01 7.274269662921349244e+00 6.474100000000000819e+02
8.900000000000000000e+01 3.980112359550561862e+00 3.542300000000000182e+02
8.900000000000000000e+01 5.944157303370785961e+00 5.290299999999999727e+02
8.900000000000000000e+01 8.195056179775281890e+00 7.293600000000000136e+02
8.900000000000000000e+01 4.229550561797752906e+00 3.764300000000000068e+02
8.900000000000000000e+01 6.173146067415729910e+00 5.494099999999999682e+02
8.900000000000000000e+01 2.673370786516853670e+00 2.379299999999999784e+02
8.900000000000000000e+01 6.217865168539325360e+00 5.533899999999999864e+02
8.900000000000000000e+01 4.669101123595506664e+00 4.155500000000000682e+02
8.900000000000000000e+01 3.040561797752808992e+00 2.706100000000000136e+02
8.900000000000000000e+01 4.458651685393258290e+00 3.968199999999999932e+02
8.900000000000000000e+01 2.574269662921348623e+00 2.291100000000000136e+02
8.900000000000000000e+01 3.720674157303370588e+00 3.311399999999999864e+02
8.900000000000000000e+01 2.417191011235955145e+00 2.151299999999999955e+02
8.900000000000000000e+01 2.388988764044944091e+00 2.126200000000000045e+02
8.900000000000000000e+01 3.877415730337078426e+00 3.450899999999999750e+02
8.900000000000000000e+01 1.022247191011236067e+00 9.098000000000000398e+01
8.900000000000000000e+01 1.332584269662921317e+00 1.185999999999999943e+02
8.900000000000000000e+01 1.391460674157303457e+00 1.238400000000000034e+02
8.900000000000000000e+01 2.309662921348314413e+00 2.055600000000000023e+02
8.900000000000000000e+01 2.075955056179775493e+00 1.847600000000000193e+02
8.900000000000000000e+01 5.302247191011236760e-01 4.719000000000000483e+01
8.900000000000000000e+01 7.811235955056179403e-01 6.951999999999999602e+01
8.900000000000000000e+01 8.128089887640449485e-01 7.234000000000000341e+01
8.900000000000000000e+01 1.396629213483145948e+00 1.242999999999999972e+02
8.900000000000000000e+01 9.970786516853932246e-01 8.873999999999999488e+01
8.900000000000000000e+01 1.012359550561797716e+00 9.009999999999999432e+01
8.900000000000000000e+01 1.492696629213483117e+00 1.328499999999999943e+02
8.900000000000000000e+01 8.719101123595505154e-01 7.759999999999999432e+01
8.900000000000000000e+01 1.138539325842696570e+00 1.013299999999999983e+02
8.900000000000000000e+01 9.911235955056180158e-01 8.821000000000000796e+01
8.900000000000000000e+01 6.332584269662920873e-01 5.635999999999999943e+01
8.900000000000000000e+01 8.984269662921348099e-01 7.995999999999999375e+01
8.900000000000000000e+01 5.261797752808988760e-01 4.682999999999999829e+01
8.900000000000000000e+01 5.440449438202247245e-01 4.842000000000000171e+01
8.900000000000000000e+01 0.000000000000000000e+00 0.000000000000000000e+00
8.900000000000000000e+01 5.812359550561796429e-01 5.172999999999998977e+01
8.900000000000000000e+01 1.003146067415730425e+00 8.928000000000000114e+01
8.900000000000000000e+01 1.122471910112359694e+00 9.990000000000000568e+01
8.900000000000000000e+01 1.310224719101123814e+00 1.166100000000000136e+02
8.900000000000000000e+01 1.105842696629213417e+00 9.841999999999998749e+01
8.900000000000000000e+01 1.061348314606741727e+00 9.446000000000000796e+01
8.900000000000000000e+01 7.867415730337079527e-01 7.002000000000001023e+01
8.800000000000000000e+01 6.226136363636363136e-01 5.478999999999999915e+01
8.800000000000000000e+01 1.031818181818181746e+00 9.079999999999999716e+01
8.900000000000000000e+01 8.865168539325841701e-01 7.889999999999999147e+01
8.900000000000000000e+01 3.407640449438202435e+00 3.032800000000000296e+02
8.900000000000000000e+01 2.181460674157303270e+00 1.941499999999999773e+02
8.900000000000000000e+01 2.689213483146067674e+00 2.393400000000000034e+02
8.900000000000000000e+01 3.110224719101124080e+00 2.768100000000000591e+02
8.900000000000000000e+01 8.305617977528090279e-01 7.392000000000000171e+01
8.900000000000000000e+01 1.440674157303370784e+00 1.282199999999999989e+02
8.800000000000000000e+01 1.074090909090908985e+00 9.451999999999999602e+01
8.800000000000000000e+01 1.658068181818181719e+00 1.459099999999999966e+02
8.900000000000000000e+01 1.400674157303370748e+00 1.246599999999999966e+02
8.900000000000000000e+01 7.943820224719101430e-01 7.070000000000000284e+01
8.900000000000000000e+01 2.756179775280899191e-01 2.453000000000000114e+01
8.900000000000000000e+01 4.182022471910112338e-01 3.721999999999999886e+01
8.900000000000000000e+01 6.123595505617978052e-01 5.450000000000000000e+01
8.900000000000000000e+01 4.712359550561797672e-01 4.193999999999999773e+01
8.900000000000000000e+01 3.171910112359550560e-01 2.823000000000000043e+01
8.900000000000000000e+01 7.284269662921347699e-01 6.482999999999999829e+01
8.900000000000000000e+01 2.606741573033707904e-01 2.319999999999999929e+01
8.900000000000000000e+01 4.755056179775281056e-01 4.232000000000000028e+01
8.900000000000000000e+01 1.496404494382022277e+00 1.331799999999999784e+02
8.900000000000000000e+01 1.887640449438202195e+00 1.680000000000000000e+02
8.900000000000000000e+01 1.721573033707865408e+00 1.532200000000000273e+02
8.900000000000000000e+01 1.356404494382022374e+00 1.207199999999999989e+02
8.900000000000000000e+01 1.335056179775280905e+00 1.188200000000000074e+02
8.900000000000000000e+01 1.026067415730337107e+00 9.131999999999999318e+01
8.900000000000000000e+01 2.955393258426965986e+00 2.630299999999999727e+02
8.900000000000000000e+01 2.711573033707864955e+00 2.413299999999999841e+02
8.900000000000000000e+01 2.072134831460674231e+00 1.844200000000000159e+02
8.900000000000000000e+01 2.802022471910112333e+00 2.493799999999999955e+02
8.900000000000000000e+01 9.676404494382021548e-01 8.611999999999999034e+01
8.900000000000000000e+01 2.259438202247190830e+00 2.010900000000000034e+02
8.900000000000000000e+01 2.152247191011236183e+00 1.915500000000000114e+02
8.900000000000000000e+01 1.295730337078651706e+00 1.153199999999999932e+02
8.900000000000000000e+01 2.633258426966292198e+00 2.343600000000000136e+02
8.900000000000000000e+01 9.312359550561797317e-01 8.287999999999999545e+01
8.900000000000000000e+01 1.175280898876404523e+00 1.045999999999999943e+02
8.900000000000000000e+01 6.066292134831460237e-01 5.398999999999999488e+01
8.900000000000000000e+01 7.657303370786517904e-01 6.815000000000000568e+01
8.900000000000000000e+01 8.559550561797751866e-01 7.617999999999999261e+01
8.800000000000000000e+01 3.374999999999999667e-01 2.969999999999999929e+01
8.900000000000000000e+01 4.049438202247190866e-01 3.603999999999999915e+01
8.900000000000000000e+01 6.382022471910113459e-02 5.680000000000000604e+00
8.900000000000000000e+01 3.220224719101123512e-01 2.866000000000000014e+01
8.900000000000000000e+01 6.370786516853932380e-01 5.670000000000000284e+01
8.900000000000000000e+01 4.234831460674157166e-01 3.768999999999999773e+01
8.900000000000000000e+01 1.682471910112359748e+00 1.497400000000000091e+02
8.900000000000000000e+01 1.030898876404494402e+00 9.175000000000000000e+01
8.900000000000000000e+01 7.711235955056179314e-01 6.862999999999999545e+01
8.900000000000000000e+01 5.939325842696628888e-01 5.285999999999999943e+01
8.900000000000000000e+01 5.639325842696628621e-01 5.018999999999999773e+01
8.900000000000000000e+01 7.795505617977527280e-01 6.937999999999999545e+01
8.900000000000000000e+01 7.286516853932583082e-01 6.484999999999999432e+01
8.900000000000000000e+01 9.189887640449437844e-01 8.178999999999999204e+01
8.900000000000000000e+01 4.061797752808988804e-01 3.614999999999999858e+01
