8.000000000000000000e+00 0.000000000000000000e+00 0.000000000000000000e+00
1.000000000000000000e+01 8.449000000000001620e+00 8.449000000000000909e+01
1.000000000000000000e+01 8.909000000000000696e+00 8.909000000000000341e+01
1.000000000000000000e+01 6.755000000000000782e+00 6.755000000000001137e+01
1.000000000000000000e+01 6.687999999999999723e+00 6.687999999999999545e+01
1.000000000000000000e+01 1.197800000000000153e+01 1.197800000000000153e+02
1.000000000000000000e+01 1.010699999999999932e+01 1.010699999999999932e+02
1.000000000000000000e+01 9.735000000000001208e+00 9.735000000000000853e+01
1.000000000000000000e+01 1.056400000000000183e+01 1.056400000000000148e+02
1.000000000000000000e+01 1.161399999999999899e+01 1.161399999999999864e+02
1.000000000000000000e+01 1.089599999999999902e+01 1.089599999999999937e+02
1.000000000000000000e+01 8.644000000000000128e+00 8.643999999999999773e+01
1.000000000000000000e+01 8.156000000000000583e+00 8.156000000000000227e+01
1.000000000000000000e+01 6.079000000000000625e+00 6.079000000000000625e+01
1.000000000000000000e+01 1.001500000000000057e+01 1.001500000000000057e+02
1.000000000000000000e+01 1.245899999999999963e+01 1.245899999999999892e+02
1.000000000000000000e+01 1.022899999999999920e+01 1.022899999999999920e+02
1.000000000000000000e+01 1.136299999999999955e+01 1.136299999999999955e+02
1.000000000000000000e+01 9.217999999999999972e+00 9.217999999999999261e+01
1.000000000000000000e+01 1.177100000000000080e+01 1.177100000000000080e+02
1.000000000000000000e+01 8.983000000000000540e+00 8.982999999999999829e+01
1.000000000000000000e+01 1.045599999999999952e+01 1.045600000000000023e+02
1.000000000000000000e+01 6.904000000000000803e+00 6.904000000000000625e+01
1.000000000000000000e+01 5.799000000000000377e+00 5.799000000000000199e+01
1.000000000000000000e+01 6.830000000000000071e+00 6.829999999999999716e+01
1.000000000000000000e+01 8.538000000000000256e+00 8.537999999999999545e+01
1.000000000000000000e+01 6.832000000000000739e+00 6.832000000000000739e+01
1.000000000000000000e+01 7.173999999999999488e+00 7.173999999999999488e+01
1.000000000000000000e+01 7.751999999999999780e+00 7.751999999999999602e+01
1.000000000000000000e+01 5.468999999999999417e+00 5.468999999999999773e+01
1.000000000000000000e+01 9.091999999999998749e+00 9.091999999999998749e+01
1.000000000000000000e+01 6.276999999999999247e+00 6.276999999999999602e+01
1.000000000000000000e+01 5.421999999999999709e+00 5.421999999999999886e+01
1.000000000000000000e+01 7.174999999999999822e+00 7.175000000000000000e+01
1.000000000000000000e+01 9.037000000000000810e+00 9.037000000000000455e+01
1.000000000000000000e+01 9.860000000000001208e+00 9.860000000000000853e+01
1.000000000000000000e+01 8.374000000000000554e+00 8.374000000000000909e+01
1.000000000000000000e+01 1.040600000000000058e+01 1.040600000000000023e+02
1.000000000000000000e+01 4.011000000000000121e+00 4.010999999999999943e+01
1.000000000000000000e+01 8.268000000000000682e+00 8.268000000000000682e+01
1.000000000000000000e+01 8.458999999999999631e+00 8.458999999999998920e+01
1.000000000000000000e+01 9.391999999999999460e+00 9.392000000000000171e+01
1.000000000000000000e+01 9.614000000000000767e+00 9.614000000000001478e+01
1.000000000000000000e+01 1.033799999999999919e+01 1.033799999999999955e+02
1.000000000000000000e+01 6.006999999999999673e+00 6.007000000000000028e+01
1.000000000000000000e+01 6.192999999999999616e+00 6.192999999999999261e+01
1.000000000000000000e+01 5.636000000000000121e+00 5.635999999999999943e+01
1.000000000000000000e+01 1.096600000000000108e+01 1.096600000000000108e+02
1.000000000000000000e+01 1.166399999999999970e+01 1.166400000000000006e+02
1.000000000000000000e+01 8.801999999999999602e+00 8.801999999999999602e+01
1.000000000000000000e+01 7.392999999999998906e+00 7.392999999999999261e+01
1.000000000000000000e+01 1.094600000000000151e+01 1.094600000000000080e+02
1.000000000000000000e+01 1.126800000000000068e+01 1.126800000000000068e+02
1.000000000000000000e+01 9.812000000000001165e+00 9.812000000000000455e+01
1.000000000000000000e+01 1.073499999999999943e+01 1.073499999999999943e+02
1.000000000000000000e+01 1.138299999999999912e+01 1.138299999999999841e+02
1.000000000000000000e+01 1.071499999999999986e+01 1.071500000000000057e+02
1.000000000000000000e+01 1.039599999999999902e+01 1.039599999999999937e+02
1.000000000000000000e+01 1.008600000000000207e+01 1.008600000000000136e+02
1.000000000000000000e+01 9.669000000000000483e+00 9.669000000000001194e+01
1.000000000000000000e+01 8.501999999999998892e+00 8.501999999999999602e+01
1.000000000000000000e+01 1.010500000000000043e+01 1.010500000000000114e+02
1.000000000000000000e+01 1.088700000000000045e+01 1.088700000000000045e+02
1.000000000000000000e+01 8.718000000000001748e+00 8.718000000000002103e+01
1.000000000000000000e+01 1.130700000000000038e+01 1.130700000000000074e+02
1.000000000000000000e+01 1.265800000000000125e+01 1.265800000000000125e+02
1.000000000000000000e+01 7.351999999999999424e+00 7.351999999999999602e+01
1.000000000000000000e+01 1.284699999999999953e+01 1.284699999999999989e+02
1.000000000000000000e+01 1.125000000000000000e+01 1.125000000000000000e+02
1.000000000000000000e+01 8.686999999999999389e+00 8.686999999999999034e+01
1.000000000000000000e+01 1.069199999999999839e+01 1.069199999999999875e+02
1.000000000000000000e+01 1.189100000000000179e+01 1.189100000000000108e+02
1.000000000000000000e+01 9.271000000000000796e+00 9.271000000000000796e+01
1.000000000000000000e+01 1.131700000000000195e+01 1.131700000000000159e+02
1.000000000000000000e+01 1.138200000000000145e+01 1.138200000000000074e+02
1.000000000000000000e+01 9.246999999999999886e+00 9.246999999999999886e+01
1.000000000000000000e+01 9.737000000000000099e+00 9.737000000000000455e+01
1.000000000000000000e+01 6.676999999999999602e+00 6.676999999999999602e+01
1.000000000000000000e+01 7.294000000000001371e+00 7.294000000000001194e+01
1.000000000000000000e+01 7.645999999999999019e+00 7.645999999999999375e+01
1.000000000000000000e+01 5.618000000000000327e+00 5.617999999999999972e+01
1.000000000000000000e+01 6.323999999999999844e+00 6.323999999999999488e+01
1.000000000000000000e+01 9.398999999999999133e+00 9.398999999999999488e+01
1.000000000000000000e+01 8.776999999999999247e+00 8.776999999999999602e+01
1.000000000000000000e+01 9.890000000000000568e+00 9.890000000000000568e+01
1.000000000000000000e+01 1.033600000000000030e+01 1.033599999999999994e+02
1.000000000000000000e+01 8.557000000000000384e+00 8.557000000000000739e+01
1.000000000000000000e+01 8.690000000000001279e+00 8.690000000000000568e+01
1.000000000000000000e+01 1.008099999999999952e+01 1.008099999999999881e+02
1.000000000000000000e+01 1.182199999999999918e+01 1.182199999999999989e+02
1.000000000000000000e+01 7.258000000000000007e+00 7.257999999999999829e+01
1.000000000000000000e+01 1.022499999999999964e+01 1.022500000000000000e+02
1.000000000000000000e+01 8.243999999999999773e+00 8.243999999999999773e+01
1.000000000000000000e+01 6.537000000000000810e+00 6.537000000000000455e+01
1.000000000000000000e+01 9.339000000000000412e+00 9.339000000000000057e+01
1.000000000000000000e+01 9.081999999999998963e+00 9.081999999999999318e+01
1.000000000000000000e+01 9.687999999999998835e+00 9.687999999999999545e+01
1.000000000000000000e+01 8.172000000000000597e+00 8.171999999999999886e+01
1.000000000000000000e+01 8.678000000000000824e+00 8.678000000000000114e+01
1.000000000000000000e+01 1.026600000000000001e+01 1.026599999999999966e+02
