2.400000000000000000e+01 0.000000000000000000e+00 0.000000000000000000e+00
4.300000000000000000e+02 3.664418604651162870e+00 1.575700000000000045e+03
4.490000000000000000e+02 2.731959910913140721e+00 1.226650000000000091e+03
4.570000000000000000e+02 2.468271334792122573e+00 1.128000000000000000e+03
4.690000000000000000e+02 1.616695095948827321e+00 7.582300000000000182e+02
4.720000000000000000e+02 7.640677966101694363e-01 3.606399999999999864e+02
4.720000000000000000e+02 8.704872881355932845e-01 4.108700000000000045e+02
4.720000000000000000e+02 1.202394067796610067e+00 5.675299999999999727e+02
4.720000000000000000e+02 1.563220338983050572e+00 7.378399999999999181e+02
4.720000000000000000e+02 5.131355932203389703e-01 2.422000000000000171e+02
4.720000000000000000e+02 1.063453389830508522e+00 5.019500000000000455e+02
4.720000000000000000e+02 6.682203389830507767e-01 3.153999999999999773e+02
4.860000000000000000e+02 5.283127572016461659e-01 2.567600000000000477e+02
4.860000000000000000e+02 5.609465020576132055e-01 2.726200000000000045e+02
4.860000000000000000e+02 6.452880658436214167e-01 3.136100000000000136e+02
4.870000000000000000e+02 5.929774127310061260e-01 2.887799999999999727e+02
4.860000000000000000e+02 3.660699588477366317e-01 1.779099999999999966e+02
4.880000000000000000e+02 2.334836065573770436e-01 1.139399999999999977e+02
4.870000000000000000e+02 2.981108829568788754e-01 1.451800000000000068e+02
4.850000000000000000e+02 2.475463917525773661e-01 1.200600000000000165e+02
4.820000000000000000e+02 5.649377593360995625e-02 2.723000000000000043e+01
4.830000000000000000e+02 9.246376811594203549e-02 4.466000000000000369e+01
4.830000000000000000e+02 4.285714285714285060e-03 2.069999999999999840e+00
4.810000000000000000e+02 1.167567567567567438e-01 5.615999999999999659e+01
4.760000000000000000e+02 2.377310924369748224e-01 1.131600000000000108e+02
4.760000000000000000e+02 1.664915966386554536e-01 7.925000000000000000e+01
4.790000000000000000e+02 2.915866388308977486e-01 1.396700000000000159e+02
4.790000000000000000e+02 1.145929018789144105e-01 5.489000000000000057e+01
4.800000000000000000e+02 2.771250000000000102e-01 1.330200000000000102e+02
4.840000000000000000e+02 4.514876033057850790e-01 2.185199999999999818e+02
4.880000000000000000e+02 5.354713114754098280e-01 2.613100000000000023e+02
4.860000000000000000e+02 1.477572016460905191e-01 7.180999999999998806e+01
4.850000000000000000e+02 1.467628865979381247e-01 7.117999999999999261e+01
4.880000000000000000e+02 1.847745901639344379e-01 9.017000000000000171e+01
4.880000000000000000e+02 5.814344262295082499e-01 2.837400000000000091e+02
4.850000000000000000e+02 1.685360824742268282e-01 8.174000000000000909e+01
4.820000000000000000e+02 5.344398340248962542e-02 2.575999999999999801e+01
4.840000000000000000e+02 6.543388429752065860e-02 3.167000000000000171e+01
4.860000000000000000e+02 8.565843621399175933e-02 4.162999999999999545e+01
4.820000000000000000e+02 7.168049792531119846e-02 3.454999999999999716e+01
4.840000000000000000e+02 7.407024793388429507e-02 3.585000000000000142e+01
4.850000000000000000e+02 1.627422680412371203e-01 7.893000000000000682e+01
4.860000000000000000e+02 7.194855967078189751e-01 3.496700000000000159e+02
4.850000000000000000e+02 8.119381443298969714e-01 3.937900000000000205e+02
4.840000000000000000e+02 4.044214876033057626e-01 1.957399999999999807e+02
4.860000000000000000e+02 2.944444444444445086e-01 1.431000000000000227e+02
4.840000000000000000e+02 2.827892561983471054e-01 1.368700000000000045e+02
4.860000000000000000e+02 2.164609053497942026e-01 1.051999999999999886e+02
4.840000000000000000e+02 4.079338842975206991e-01 1.974400000000000261e+02
4.860000000000000000e+02 4.248559670781893449e-01 2.064800000000000182e+02
4.880000000000000000e+02 1.125409836065573849e-01 5.492000000000000171e+01
4.850000000000000000e+02 1.248041237113402119e-01 6.053000000000000114e+01
4.850000000000000000e+02 8.752577319587628857e-02 4.245000000000000284e+01
4.850000000000000000e+02 2.303092783505154492e-02 1.116999999999999993e+01
4.820000000000000000e+02 5.117842323651452530e-01 2.466800000000000068e+02
4.840000000000000000e+02 2.051033057851239794e-01 9.927000000000001023e+01
4.840000000000000000e+02 4.355371900826445625e-02 2.107999999999999829e+01
4.820000000000000000e+02 4.020746887966805683e-02 1.938000000000000256e+01
4.810000000000000000e+02 5.621621621621621101e-02 2.703999999999999915e+01
4.830000000000000000e+02 2.474120082815734964e-02 1.194999999999999929e+01
4.840000000000000000e+02 5.161157024793389114e-02 2.498000000000000398e+01
4.840000000000000000e+02 5.165289256198347251e-04 2.500000000000000000e-01
4.780000000000000000e+02 1.408786610878661194e-01 6.734000000000000341e+01
4.760000000000000000e+02 3.432773109243698190e-02 1.634000000000000341e+01
4.790000000000000000e+02 8.851774530271397379e-02 4.239999999999999147e+01
4.800000000000000000e+02 6.210416666666666169e-02 2.980999999999999872e+01
4.860000000000000000e+02 2.736625514403292353e-02 1.330000000000000071e+01
4.830000000000000000e+02 8.219461697722567350e-02 3.970000000000000284e+01
4.830000000000000000e+02 2.959834368530021020e-01 1.429600000000000080e+02
4.840000000000000000e+02 1.348140495867768685e-01 6.525000000000000000e+01
4.840000000000000000e+02 1.843181818181818254e-01 8.921000000000000796e+01
4.800000000000000000e+02 1.545208333333333017e-01 7.416999999999998749e+01
4.800000000000000000e+02 5.293749999999999845e-02 2.541000000000000014e+01
4.860000000000000000e+02 8.827160493827160281e-02 4.289999999999999858e+01
4.860000000000000000e+02 1.220370370370370411e-01 5.931000000000000227e+01
4.840000000000000000e+02 1.976446280991735471e-01 9.565999999999999659e+01
4.840000000000000000e+02 1.607024793388429906e-01 7.778000000000000114e+01
4.780000000000000000e+02 9.941422594142260150e-02 4.752000000000000313e+01
4.790000000000000000e+02 2.258037578288100145e-01 1.081599999999999966e+02
4.860000000000000000e+02 4.393415637860081935e-01 2.135199999999999818e+02
4.890000000000000000e+02 3.362576687116564655e-01 1.644300000000000068e+02
4.870000000000000000e+02 5.206570841889116563e-01 2.535600000000000023e+02
4.860000000000000000e+02 3.756995884773662864e-01 1.825900000000000034e+02
4.840000000000000000e+02 2.435123966942148721e-01 1.178599999999999994e+02
4.850000000000000000e+02 1.074845360824742274e-01 5.213000000000000256e+01
4.830000000000000000e+02 1.299999999999999767e-01 6.278999999999999204e+01
4.820000000000000000e+02 2.549377593360995786e-01 1.228799999999999955e+02
4.850000000000000000e+02 7.727835051546393108e-02 3.748000000000000398e+01
4.860000000000000000e+02 3.249176954732510558e-01 1.579100000000000250e+02
4.860000000000000000e+02 7.800823045267489819e-01 3.791200000000000045e+02
4.880000000000000000e+02 2.929508196721311020e-01 1.429599999999999795e+02
4.860000000000000000e+02 3.005967078189300534e-01 1.460900000000000034e+02
4.830000000000000000e+02 1.714492753623188537e-01 8.281000000000000227e+01
4.850000000000000000e+02 1.425360824742268051e-01 6.912999999999999545e+01
4.870000000000000000e+02 1.346406570841889028e-01 6.556999999999999318e+01
4.860000000000000000e+02 7.779835390946503171e-02 3.781000000000000227e+01
4.830000000000000000e+02 6.554865424430640630e-02 3.165999999999999659e+01
4.790000000000000000e+02 1.906263048016701434e-01 9.131000000000000227e+01
4.820000000000000000e+02 1.110580912863070591e-01 5.353000000000000114e+01
4.850000000000000000e+02 1.054639175257732070e-01 5.115000000000000568e+01
