2.400000000000000000e+01 0.000000000000000000e+00 0.000000000000000000e+00
9.900000000000000000e+01 2.195757575757575797e+00 2.173799999999999955e+02
9.900000000000000000e+01 5.351616161616161271e+00 5.298099999999999454e+02
9.900000000000000000e+01 7.357171717171717695e+00 7.283600000000000136e+02
9.900000000000000000e+01 4.425353535353535150e+00 4.381100000000000136e+02
9.900000000000000000e+01 5.776666666666665506e+00 5.718899999999998727e+02
9.900000000000000000e+01 2.518484848484848548e+00 2.493300000000000125e+02
9.900000000000000000e+01 2.375151515151515014e+00 2.351399999999999864e+02
9.900000000000000000e+01 4.624949494949494699e+00 4.578700000000000045e+02
9.900000000000000000e+01 2.755858585858585563e+00 2.728299999999999841e+02
9.900000000000000000e+01 5.723939393939394549e+00 5.666700000000000728e+02
9.900000000000000000e+01 5.284646464646463926e+00 5.231799999999999500e+02
9.900000000000000000e+01 1.636161616161616372e+00 1.619800000000000182e+02
9.900000000000000000e+01 2.286161616161615839e+00 2.263299999999999841e+02
9.900000000000000000e+01 1.733737373737373577e+00 1.716399999999999864e+02
9.900000000000000000e+01 1.480909090909090731e+00 1.466099999999999852e+02
9.900000000000000000e+01 3.156464646464645973e+00 3.124899999999999523e+02
9.900000000000000000e+01 3.714141414141414188e-01 3.677000000000000313e+01
9.900000000000000000e+01 1.869494949494949543e+00 1.850800000000000125e+02
9.900000000000000000e+01 2.297575757575757827e+00 2.274600000000000080e+02
9.900000000000000000e+01 1.281818181818181968e+00 1.269000000000000057e+02
9.900000000000000000e+01 1.430909090909090908e+00 1.416599999999999966e+02
9.900000000000000000e+01 9.942424242424242609e-01 9.843000000000000682e+01
9.900000000000000000e+01 6.198989898989898384e-01 6.136999999999999034e+01
9.900000000000000000e+01 1.121515151515151576e+00 1.110300000000000011e+02
9.900000000000000000e+01 2.549494949494949481e+00 2.524000000000000057e+02
9.900000000000000000e+01 3.733939393939394336e+00 3.696600000000000250e+02
9.900000000000000000e+01 3.660101010101010299e+00 3.623500000000000227e+02
9.900000000000000000e+01 1.300808080808080858e+00 1.287800000000000011e+02
9.900000000000000000e+01 1.850808080808080680e+00 1.832299999999999898e+02
9.900000000000000000e+01 1.521616161616161422e+00 1.506399999999999864e+02
9.900000000000000000e+01 3.043232323232323733e+00 3.012800000000000296e+02
9.900000000000000000e+01 4.811111111111110894e+00 4.763000000000000114e+02
9.900000000000000000e+01 1.171919191919191805e+00 1.160199999999999960e+02
9.900000000000000000e+01 2.279595959595959620e+00 2.256800000000000068e+02
9.900000000000000000e+01 2.802323232323232549e+00 2.774300000000000068e+02
9.900000000000000000e+01 1.704040404040404022e+00 1.686999999999999886e+02
9.900000000000000000e+01 2.734545454545454835e+00 2.707200000000000273e+02
9.900000000000000000e+01 2.399494949494949569e+00 2.375500000000000114e+02
9.900000000000000000e+01 3.497979797979797745e-01 3.462999999999999545e+01
9.900000000000000000e+01 1.352424242424242307e+00 1.338899999999999864e+02
9.900000000000000000e+01 8.957575757575758635e-01 8.868000000000000682e+01
9.900000000000000000e+01 1.173434343434343496e+00 1.161700000000000017e+02
9.900000000000000000e+01 1.390909090909090873e+00 1.376999999999999886e+02
9.900000000000000000e+01 8.263636363636364113e-01 8.181000000000000227e+01
9.900000000000000000e+01 1.559595959595959647e+00 1.544000000000000057e+02
9.900000000000000000e+01 1.799191919191919231e+00 1.781200000000000045e+02
9.900000000000000000e+01 2.031313131313131404e+00 2.011000000000000227e+02
9.900000000000000000e+01 2.243737373737373808e+00 2.221299999999999955e+02
9.900000000000000000e+01 5.181818181818181879e-01 5.129999999999999716e+01
9.900000000000000000e+01 9.587878787878789666e-01 9.492000000000001592e+01
9.900000000000000000e+01 2.598080808080807991e+00 2.572099999999999795e+02
9.900000000000000000e+01 1.411111111111110983e+00 1.396999999999999886e+02
9.900000000000000000e+01 3.053434343434342946e+00 3.022899999999999636e+02
9.900000000000000000e+01 2.089393939393938915e+00 2.068499999999999659e+02
9.900000000000000000e+01 2.854545454545454608e-01 2.825999999999999801e+01
9.900000000000000000e+01 7.044444444444444287e-01 6.973999999999999488e+01
9.900000000000000000e+01 5.215151515151514872e-01 5.162999999999999545e+01
9.900000000000000000e+01 8.810101010101010210e-01 8.721999999999999886e+01
9.900000000000000000e+01 2.498686868686868845e+00 2.473700000000000045e+02
9.900000000000000000e+01 2.135353535353535503e-01 2.114000000000000057e+01
9.900000000000000000e+01 4.114141414141413988e-01 4.072999999999999687e+01
9.900000000000000000e+01 2.595151515151515209e+00 2.569200000000000159e+02
9.900000000000000000e+01 2.136363636363636243e+00 2.115000000000000000e+02
9.900000000000000000e+01 1.758888888888888946e+00 1.741299999999999955e+02
9.900000000000000000e+01 4.689898989898989012e-01 4.642999999999999261e+01
9.900000000000000000e+01 7.189898989898990678e-01 7.118000000000000682e+01
9.900000000000000000e+01 1.680909090909091130e+00 1.664100000000000250e+02
9.900000000000000000e+01 9.814141414141414055e-01 9.715999999999999659e+01
9.900000000000000000e+01 1.851818181818182030e+00 1.833300000000000125e+02
9.900000000000000000e+01 1.436767676767676472e+00 1.422399999999999807e+02
9.900000000000000000e+01 3.879797979797980356e-01 3.841000000000000369e+01
9.900000000000000000e+01 1.091616161616161707e+00 1.080700000000000074e+02
9.900000000000000000e+01 8.027272727272727337e-01 7.946999999999999886e+01
9.900000000000000000e+01 1.245353535353535213e+00 1.232899999999999920e+02
9.900000000000000000e+01 2.313131313131313149e+00 2.290000000000000000e+02
9.900000000000000000e+01 2.829292929292929193e-01 2.801000000000000156e+01
9.900000000000000000e+01 1.398181818181818414e+00 1.384200000000000159e+02
9.900000000000000000e+01 1.412525252525252517e+00 1.398400000000000034e+02
9.700000000000000000e+01 2.569072164948453807e-01 2.492000000000000171e+01
9.800000000000000000e+01 2.704897959183673706e+00 2.650800000000000409e+02
9.900000000000000000e+01 8.154545454545455430e-01 8.073000000000000398e+01
9.900000000000000000e+01 1.652121212121212102e+00 1.635600000000000023e+02
9.900000000000000000e+01 2.489696969696969742e+00 2.464799999999999898e+02
9.900000000000000000e+01 1.531111111111110867e+00 1.515799999999999841e+02
9.900000000000000000e+01 1.980404040404040389e+00 1.960600000000000023e+02
9.900000000000000000e+01 2.138484848484848655e+00 2.117100000000000080e+02
9.900000000000000000e+01 7.437373737373736970e-01 7.362999999999999545e+01
9.900000000000000000e+01 1.081919191919191725e+00 1.071099999999999852e+02
9.900000000000000000e+01 2.032626262626262559e+00 2.012299999999999898e+02
9.900000000000000000e+01 1.393333333333333313e+00 1.379399999999999977e+02
9.900000000000000000e+01 1.794848484848484915e+00 1.776899999999999977e+02
9.900000000000000000e+01 6.389898989898989967e-01 6.325999999999999801e+01
9.900000000000000000e+01 7.563636363636363491e-01 7.487999999999999545e+01
9.900000000000000000e+01 7.675757575757575779e-01 7.598999999999999488e+01
9.900000000000000000e+01 1.214545454545454595e+00 1.202399999999999949e+02
9.900000000000000000e+01 2.232525252525252579e+00 2.210200000000000102e+02
9.900000000000000000e+01 5.850505050505050431e-01 5.792000000000000171e+01
9.900000000000000000e+01 4.235353535353534871e-01 4.192999999999999261e+01
9.900000000000000000e+01 1.646969696969696750e+00 1.630499999999999829e+02
