2.400000000000000000e+01 0.000000000000000000e+00 0.000000000000000000e+00
6.070000000000000000e+02 7.494876441515649468e+00 4.549389999999999418e+03
8.800000000000000000e+02 3.791715909090909165e+00 3.336710000000000036e+03
9.010000000000000000e+02 3.302597114317425309e+00 2.975640000000000327e+03
9.130000000000000000e+02 2.698181818181818237e+00 2.463440000000000055e+03
9.200000000000000000e+02 2.260293478260869460e+00 2.079469999999999800e+03
9.310000000000000000e+02 2.297261009667024734e+00 2.138750000000000000e+03
9.380000000000000000e+02 2.037164179104477668e+00 1.910859999999999900e+03
9.480000000000000000e+02 2.023776371308017019e+00 1.918539999999999964e+03
9.580000000000000000e+02 1.614832985386221331e+00 1.547009999999999991e+03
9.660000000000000000e+02 1.810703933747411787e+00 1.749139999999999873e+03
9.730000000000000000e+02 1.747399794450154031e+00 1.700219999999999800e+03
9.810000000000000000e+02 1.609775739041794163e+00 1.579190000000000055e+03
9.810000000000000000e+02 1.576534148827726689e+00 1.546579999999999927e+03
9.810000000000000000e+02 1.616544342507645116e+00 1.585829999999999927e+03
9.810000000000000000e+02 1.797798165137614479e+00 1.763639999999999873e+03
9.810000000000000000e+02 1.566218144750254782e+00 1.536460000000000036e+03
9.810000000000000000e+02 1.551773700305810300e+00 1.522289999999999964e+03
9.810000000000000000e+02 1.386187563710499449e+00 1.359849999999999909e+03
9.810000000000000000e+02 1.524485219164118277e+00 1.495519999999999982e+03
9.810000000000000000e+02 1.635219164118246749e+00 1.604150000000000091e+03
9.810000000000000000e+02 1.589857288481141717e+00 1.559650000000000091e+03
9.810000000000000000e+02 1.433190621814474985e+00 1.405960000000000036e+03
9.810000000000000000e+02 1.353893985728848115e+00 1.328170000000000073e+03
9.800000000000000000e+02 1.586010204081632624e+00 1.554289999999999964e+03
9.810000000000000000e+02 1.734046890927624762e+00 1.701099999999999909e+03
9.810000000000000000e+02 1.467940876656472993e+00 1.440049999999999955e+03
9.810000000000000000e+02 1.241855249745158041e+00 1.218259999999999991e+03
9.810000000000000000e+02 1.282395514780835910e+00 1.258029999999999973e+03
9.810000000000000000e+02 1.512028542303771594e+00 1.483299999999999955e+03
9.820000000000000000e+02 1.846313645621181276e+00 1.813079999999999927e+03
9.820000000000000000e+02 1.435896130346232091e+00 1.410049999999999955e+03
9.820000000000000000e+02 1.363167006109979651e+00 1.338630000000000109e+03
9.820000000000000000e+02 1.594042769857433761e+00 1.565349999999999909e+03
9.830000000000000000e+02 1.600579857578840359e+00 1.573370000000000118e+03
9.830000000000000000e+02 1.734984740590030494e+00 1.705490000000000009e+03
9.840000000000000000e+02 1.826920731707316836e+00 1.797689999999999827e+03
9.840000000000000000e+02 1.846839430894308798e+00 1.817289999999999964e+03
9.840000000000000000e+02 1.521656504065040494e+00 1.497309999999999945e+03
9.840000000000000000e+02 1.409308943089430777e+00 1.386759999999999991e+03
9.840000000000000000e+02 1.288170731707316996e+00 1.267559999999999945e+03
9.840000000000000000e+02 1.547378048780488013e+00 1.522620000000000118e+03
9.850000000000000000e+02 1.764395939086294440e+00 1.737930000000000064e+03
9.850000000000000000e+02 1.587664974619289238e+00 1.563849999999999909e+03
9.850000000000000000e+02 1.422680203045685099e+00 1.401339999999999918e+03
9.850000000000000000e+02 1.353705583756344977e+00 1.333399999999999864e+03
9.850000000000000000e+02 1.363634517766497467e+00 1.343180000000000064e+03
9.860000000000000000e+02 1.436683569979716246e+00 1.416570000000000164e+03
9.870000000000000000e+02 1.440435663627152918e+00 1.421710000000000036e+03
9.870000000000000000e+02 1.413556231003039620e+00 1.395180000000000064e+03
9.870000000000000000e+02 1.481914893617021445e+00 1.462650000000000091e+03
9.870000000000000000e+02 1.898611955420465902e+00 1.873929999999999836e+03
9.870000000000000000e+02 1.866382978723404307e+00 1.842120000000000118e+03
9.870000000000000000e+02 1.615086119554204558e+00 1.594089999999999918e+03
9.870000000000000000e+02 1.455835866261397937e+00 1.436909999999999854e+03
9.870000000000000000e+02 1.660567375886524921e+00 1.638980000000000018e+03
9.870000000000000000e+02 1.381945288753799517e+00 1.363980000000000018e+03
9.870000000000000000e+02 1.314417426545086087e+00 1.297329999999999927e+03
9.870000000000000000e+02 1.141823708206686883e+00 1.126980000000000018e+03
9.870000000000000000e+02 1.052786220871327227e+00 1.039099999999999909e+03
9.870000000000000000e+02 1.263586626139817426e+00 1.247159999999999854e+03
9.870000000000000000e+02 1.301236068895643250e+00 1.284319999999999936e+03
9.870000000000000000e+02 1.417669706180344491e+00 1.399240000000000009e+03
9.870000000000000000e+02 1.261276595744680984e+00 1.244880000000000109e+03
9.870000000000000000e+02 1.430121580547112359e+00 1.411529999999999973e+03
9.870000000000000000e+02 1.569017223910840864e+00 1.548619999999999891e+03
9.870000000000000000e+02 1.530344478216818738e+00 1.510450000000000045e+03
9.870000000000000000e+02 1.362978723404255632e+00 1.345260000000000218e+03
9.870000000000000000e+02 1.325562310030395041e+00 1.308329999999999927e+03
9.870000000000000000e+02 1.442593718338399000e+00 1.423839999999999918e+03
9.870000000000000000e+02 1.192066869300911991e+00 1.176570000000000164e+03
9.870000000000000000e+02 1.431134751773049718e+00 1.412529999999999973e+03
9.870000000000000000e+02 1.510405268490374819e+00 1.490769999999999982e+03
9.870000000000000000e+02 1.687335359675785407e+00 1.665400000000000091e+03
9.870000000000000000e+02 1.701215805471124609e+00 1.679099999999999909e+03
9.870000000000000000e+02 1.432847011144883442e+00 1.414220000000000027e+03
9.870000000000000000e+02 1.298226950354609777e+00 1.281349999999999909e+03
9.870000000000000000e+02 1.496251266464032614e+00 1.476800000000000182e+03
9.870000000000000000e+02 1.651013171225937048e+00 1.629549999999999955e+03
9.870000000000000000e+02 1.481448834853090313e+00 1.462190000000000055e+03
9.870000000000000000e+02 1.345258358662613896e+00 1.327769999999999982e+03
9.870000000000000000e+02 1.020000000000000018e+00 1.006740000000000009e+03
9.870000000000000000e+02 1.309027355623100464e+00 1.292010000000000218e+03
9.870000000000000000e+02 1.468196555217831767e+00 1.449109999999999900e+03
9.870000000000000000e+02 1.427679837892603887e+00 1.409120000000000118e+03
9.870000000000000000e+02 1.483910840932117337e+00 1.464619999999999891e+03
9.870000000000000000e+02 1.586899696048632125e+00 1.566269999999999982e+03
9.870000000000000000e+02 1.442543059777102288e+00 1.423789999999999964e+03
9.870000000000000000e+02 1.629392097264437789e+00 1.608210000000000036e+03
9.870000000000000000e+02 1.683809523809523867e+00 1.661920000000000073e+03
9.870000000000000000e+02 1.470476190476190270e+00 1.451359999999999900e+03
9.870000000000000000e+02 1.759311043566362809e+00 1.736440000000000055e+03
9.870000000000000000e+02 1.962806484295846143e+00 1.937290000000000191e+03
9.870000000000000000e+02 1.551529888551165248e+00 1.531360000000000127e+03
9.870000000000000000e+02 1.364316109422492262e+00 1.346579999999999927e+03
9.870000000000000000e+02 1.614741641337386069e+00 1.593750000000000000e+03
9.870000000000000000e+02 1.808277608915906720e+00 1.784769999999999982e+03
9.870000000000000000e+02 1.656767983789260379e+00 1.635230000000000018e+03
9.870000000000000000e+02 1.541519756838905852e+00 1.521480000000000018e+03
9.870000000000000000e+02 1.304782168186423341e+00 1.287819999999999936e+03
