1.400000000000000000e+01 0.000000000000000000e+00 0.000000000000000000e+00
1.900000000000000000e+01 9.268421052631580892e+00 1.761000000000000227e+02
1.900000000000000000e+01 6.912631578947368460e+00 1.313400000000000034e+02
1.900000000000000000e+01 1.066315789473684106e+00 2.025999999999999801e+01
1.900000000000000000e+01 1.994736842105263364e+00 3.790000000000000568e+01
1.900000000000000000e+01 3.698947368421052762e+00 7.028000000000000114e+01
1.900000000000000000e+01 1.629999999999999893e+00 3.096999999999999886e+01
1.900000000000000000e+01 2.909473684210526212e+00 5.528000000000000114e+01
1.900000000000000000e+01 3.613684210526315610e+00 6.865999999999999659e+01
1.900000000000000000e+01 4.833157894736842763e+00 9.183000000000001251e+01
1.900000000000000000e+01 4.860000000000001208e+00 9.234000000000001762e+01
1.900000000000000000e+01 3.287368421052631717e+00 6.246000000000000085e+01
1.900000000000000000e+01 4.970000000000000639e+00 9.443000000000000682e+01
1.900000000000000000e+01 4.376842105263158089e+00 8.315999999999999659e+01
1.900000000000000000e+01 3.477894736842105150e+00 6.607999999999999829e+01
1.900000000000000000e+01 6.510000000000000675e+00 1.236900000000000119e+02
1.900000000000000000e+01 7.442631578947367821e+00 1.414099999999999966e+02
1.900000000000000000e+01 6.440526315789473877e+00 1.223700000000000045e+02
1.900000000000000000e+01 5.979999999999999538e+00 1.136199999999999903e+02
1.900000000000000000e+01 3.273684210526315752e+00 6.220000000000000284e+01
1.900000000000000000e+01 3.611578947368420334e+00 6.861999999999999034e+01
1.900000000000000000e+01 3.202105263157895010e+00 6.084000000000000341e+01
1.900000000000000000e+01 2.438947368421052975e+00 4.634000000000000341e+01
1.900000000000000000e+01 1.446315789473684221e+00 2.748000000000000043e+01
1.900000000000000000e+01 4.111052631578947292e+00 7.810999999999999943e+01
1.900000000000000000e+01 4.452631578947368496e+00 8.459999999999999432e+01
1.900000000000000000e+01 5.331578947368421417e+00 1.013000000000000114e+02
1.900000000000000000e+01 5.652105263157894299e+00 1.073899999999999864e+02
1.900000000000000000e+01 5.606842105263157627e+00 1.065300000000000011e+02
1.900000000000000000e+01 4.585263157894736707e+00 8.711999999999999034e+01
1.900000000000000000e+01 3.503157894736842248e+00 6.656000000000000227e+01
1.900000000000000000e+01 4.727368421052631220e+00 8.981999999999999318e+01
1.900000000000000000e+01 4.374210526315789771e+00 8.310999999999999943e+01
1.900000000000000000e+01 4.990000000000000213e+00 9.481000000000000227e+01
1.900000000000000000e+01 5.054736842105262973e+00 9.603999999999999204e+01
1.900000000000000000e+01 4.846315789473684355e+00 9.207999999999999829e+01
1.900000000000000000e+01 3.191578947368421293e+00 6.064000000000000057e+01
1.900000000000000000e+01 2.189999999999999947e+00 4.160999999999999943e+01
1.900000000000000000e+01 2.057894736842105221e-01 3.910000000000000142e+00
1.900000000000000000e+01 2.001578947368420902e+00 3.803000000000000114e+01
1.900000000000000000e+01 1.797894736842105434e+00 3.416000000000000369e+01
1.900000000000000000e+01 0.000000000000000000e+00 0.000000000000000000e+00
1.900000000000000000e+01 2.223157894736842000e+00 4.223999999999999488e+01
1.900000000000000000e+01 2.108421052631578529e+00 4.005999999999999517e+01
1.900000000000000000e+01 4.091052631578947718e+00 7.773000000000000398e+01
1.900000000000000000e+01 1.678421052631578814e+00 3.188999999999999702e+01
1.900000000000000000e+01 3.726315789473684248e+00 7.079999999999999716e+01
1.900000000000000000e+01 2.455263157894736814e+00 4.664999999999999858e+01
1.900000000000000000e+01 2.261052631578947203e+00 4.296000000000000085e+01
1.900000000000000000e+01 6.610526315789473806e+00 1.255999999999999943e+02
1.900000000000000000e+01 3.512105263157895063e+00 6.673000000000000398e+01
1.900000000000000000e+01 3.793157894736842284e+00 7.207000000000000739e+01
1.900000000000000000e+01 3.961578947368421755e+00 7.527000000000001023e+01
1.900000000000000000e+01 4.049999999999999822e+00 7.694999999999998863e+01
1.900000000000000000e+01 2.591578947368420760e+00 4.923999999999999488e+01
1.900000000000000000e+01 3.157894736842105192e-03 5.999999999999999778e-02
1.900000000000000000e+01 2.841578947368421204e+00 5.399000000000000199e+01
1.900000000000000000e+01 2.895789473684210247e+00 5.501999999999999602e+01
1.900000000000000000e+01 3.841578947368420760e+00 7.298999999999999488e+01
1.900000000000000000e+01 2.113157894736842124e+00 4.014999999999999858e+01
1.900000000000000000e+01 1.667894736842105097e+00 3.168999999999999773e+01
1.900000000000000000e+01 4.014210526315789451e+00 7.626999999999999602e+01
1.900000000000000000e+01 6.302631578947368141e+00 1.197500000000000000e+02
1.900000000000000000e+01 4.382105263157893837e+00 8.325999999999999091e+01
1.900000000000000000e+01 4.190526315789473877e+00 7.962000000000000455e+01
1.900000000000000000e+01 3.793157894736841840e+00 7.206999999999999318e+01
1.900000000000000000e+01 5.766842105263156881e+00 1.095699999999999790e+02
1.900000000000000000e+01 6.119473684210525732e+00 1.162699999999999960e+02
1.900000000000000000e+01 6.221052631578948500e+00 1.182000000000000171e+02
1.900000000000000000e+01 4.849999999999999645e+00 9.214999999999999147e+01
1.900000000000000000e+01 4.308947368421051749e+00 8.186999999999999034e+01
1.900000000000000000e+01 2.133157894736842142e+00 4.053000000000000114e+01
1.900000000000000000e+01 0.000000000000000000e+00 0.000000000000000000e+00
1.900000000000000000e+01 6.589473684210526150e-01 1.251999999999999957e+01
1.900000000000000000e+01 3.561578947368420955e+00 6.767000000000000171e+01
1.900000000000000000e+01 2.635789473684210460e+00 5.007999999999999829e+01
1.900000000000000000e+01 3.899999999999999578e-01 7.409999999999999254e+00
1.900000000000000000e+01 3.041052631578947452e+00 5.778000000000000114e+01
1.900000000000000000e+01 3.914210526315788918e+00 7.436999999999999034e+01
1.900000000000000000e+01 3.804736842105262529e+00 7.228999999999999204e+01
1.900000000000000000e+01 5.313684210526315788e+00 1.009599999999999937e+02
1.900000000000000000e+01 4.088947368421052886e+00 7.768999999999999773e+01
1.900000000000000000e+01 4.682631578947368034e+00 8.896999999999999886e+01
1.900000000000000000e+01 4.610526315789473806e+00 8.759999999999999432e+01
1.900000000000000000e+01 6.432631578947368034e+00 1.222199999999999989e+02
1.900000000000000000e+01 7.829473684210527473e+00 1.487600000000000193e+02
1.900000000000000000e+01 7.120526315789473593e+00 1.352899999999999920e+02
1.900000000000000000e+01 4.006315789473683608e+00 7.611999999999999034e+01
1.900000000000000000e+01 4.135263157894737418e+00 7.857000000000000739e+01
1.900000000000000000e+01 2.680526315789473646e+00 5.092999999999999972e+01
1.900000000000000000e+01 2.362631578947368194e+00 4.488999999999999346e+01
1.900000000000000000e+01 5.736842105263157521e+00 1.090000000000000000e+02
1.900000000000000000e+01 2.343157894736842106e+00 4.451999999999999602e+01
1.900000000000000000e+01 4.319473684210525910e+00 8.206999999999999318e+01
1.900000000000000000e+01 6.809473684210527900e+00 1.293800000000000239e+02
1.900000000000000000e+01 4.685263157894736352e+00 8.901999999999999602e+01
1.900000000000000000e+01 6.324736842105263435e+00 1.201700000000000017e+02
1.900000000000000000e+01 5.889473684210526194e+00 1.118999999999999915e+02
1.900000000000000000e+01 5.006315789473683608e+00 9.511999999999999034e+01
1.900000000000000000e+01 4.041578947368420494e+00 7.678999999999999204e+01
