2.400000000000000000e+01 0.000000000000000000e+00 0.000000000000000000e+00
5.500000000000000000e+02 2.507145454545454122e+00 1.378929999999999836e+03
6.590000000000000000e+02 1.276919575113808714e+00 8.414900000000000091e+02
6.800000000000000000e+02 7.448382352941176343e-01 5.064900000000000091e+02
6.920000000000000000e+02 6.455491329479768892e-01 4.467199999999999704e+02
6.980000000000000000e+02 5.287822349570200364e-01 3.690899999999999750e+02
7.090000000000000000e+02 2.512834978843441203e-01 1.781599999999999682e+02
7.100000000000000000e+02 8.415070422535211314e-01 5.974700000000000273e+02
7.110000000000000000e+02 5.637412095639943166e-01 4.008199999999999932e+02
7.110000000000000000e+02 3.891279887482418376e-01 2.766699999999999591e+02
7.200000000000000000e+02 6.498611111111111116e-01 4.678999999999999773e+02
7.210000000000000000e+02 4.154091539528432797e-01 2.995099999999999909e+02
7.200000000000000000e+02 3.819722222222222685e-01 2.750200000000000387e+02
7.220000000000000000e+02 4.048753462603877917e-01 2.923199999999999932e+02
7.210000000000000000e+02 4.389597780859916809e-01 3.164900000000000091e+02
7.200000000000000000e+02 3.869722222222222174e-01 2.786200000000000045e+02
7.220000000000000000e+02 3.005124653739612572e-01 2.169700000000000273e+02
7.220000000000000000e+02 2.667867036011080661e-01 1.926200000000000045e+02
7.210000000000000000e+02 1.664077669902912504e-01 1.199799999999999898e+02
7.190000000000000000e+02 9.888734353268427424e-02 7.109999999999999432e+01
7.270000000000000000e+02 7.171251719394773350e-01 5.213500000000000227e+02
7.380000000000000000e+02 2.331842818428183917e-01 1.720899999999999750e+02
7.390000000000000000e+02 1.018267929634641411e-01 7.525000000000000000e+01
7.370000000000000000e+02 1.482360922659430313e-01 1.092500000000000142e+02
7.390000000000000000e+02 7.297699594046008764e-02 5.392999999999999972e+01
7.380000000000000000e+02 4.368563685636856625e-02 3.224000000000000199e+01
7.370000000000000000e+02 1.003527815468114037e-01 7.396000000000000796e+01
7.400000000000000000e+02 9.435135135135136464e-02 6.982000000000000739e+01
7.400000000000000000e+02 6.244594594594595621e-02 4.621000000000000796e+01
7.330000000000000000e+02 1.764392905866302985e-01 1.293300000000000125e+02
7.320000000000000000e+02 8.457650273224044668e-02 6.191000000000000369e+01
7.320000000000000000e+02 7.678961748633879314e-02 5.621000000000000085e+01
7.330000000000000000e+02 1.064120054570259211e-01 7.800000000000000000e+01
7.340000000000000000e+02 1.887602179836512517e-01 1.385500000000000114e+02
7.380000000000000000e+02 6.059620596205961968e-02 4.471999999999999886e+01
7.370000000000000000e+02 8.663500678426051815e-02 6.385000000000000142e+01
7.350000000000000000e+02 7.712925170068027358e-02 5.668999999999999773e+01
7.370000000000000000e+02 1.237177747625508722e-01 9.117999999999999261e+01
7.360000000000000000e+02 1.203940217391304274e-01 8.860999999999999943e+01
7.380000000000000000e+02 1.920054200542005429e-02 1.416999999999999993e+01
7.390000000000000000e+02 3.983761840324762799e-02 2.943999999999999773e+01
7.360000000000000000e+02 7.165760869565217239e-02 5.273999999999999488e+01
7.360000000000000000e+02 1.676630434782608661e-02 1.233999999999999986e+01
7.300000000000000000e+02 5.645205479452054809e-02 4.121000000000000085e+01
7.330000000000000000e+02 2.033969986357435367e-01 1.490900000000000034e+02
7.360000000000000000e+02 7.195652173913043292e-02 5.296000000000000085e+01
7.350000000000000000e+02 1.592925170068026919e-01 1.170799999999999841e+02
7.340000000000000000e+02 5.171662125340598798e-02 3.795999999999999375e+01
7.360000000000000000e+02 3.976902173913043903e-02 2.927000000000000313e+01
7.350000000000000000e+02 9.514285714285715401e-02 6.993000000000000682e+01
7.370000000000000000e+02 6.603663500678427223e-01 4.866900000000000546e+02
7.410000000000000000e+02 7.334008097165992668e-01 5.434500000000000455e+02
7.430000000000000000e+02 7.788156123822342902e-01 5.786600000000000819e+02
7.440000000000000000e+02 3.453629032258064280e-01 2.569499999999999886e+02
7.430000000000000000e+02 2.733647375504710264e-01 2.031099999999999852e+02
7.420000000000000000e+02 1.738005390835579700e-01 1.289600000000000080e+02
7.420000000000000000e+02 5.478032345013477133e-01 4.064699999999999704e+02
7.430000000000000000e+02 5.322207267833110045e-01 3.954400000000000546e+02
7.380000000000000000e+02 3.804878048780487715e-02 2.807999999999999829e+01
7.370000000000000000e+02 1.304070556309362139e-01 9.610999999999999943e+01
7.350000000000000000e+02 8.654421768707483420e-02 6.360999999999999943e+01
7.390000000000000000e+02 1.710419485791610239e-02 1.264000000000000057e+01
7.400000000000000000e+02 2.751351351351351004e-01 2.035999999999999943e+02
7.430000000000000000e+02 5.961507402422611124e-01 4.429399999999999977e+02
7.440000000000000000e+02 1.944086021505376238e-01 1.446399999999999864e+02
7.400000000000000000e+02 2.736486486486486638e-02 2.025000000000000000e+01
7.370000000000000000e+02 1.979918588873813001e-01 1.459200000000000159e+02
7.410000000000000000e+02 4.527665317139002027e-02 3.355000000000000426e+01
7.430000000000000000e+02 1.778600269179003990e-01 1.321500000000000057e+02
7.430000000000000000e+02 2.622072678331089923e-01 1.948199999999999932e+02
7.400000000000000000e+02 2.740540540540540096e-02 2.027999999999999758e+01
7.370000000000000000e+02 7.894165535956582103e-02 5.818000000000000682e+01
7.350000000000000000e+02 5.046258503401360174e-02 3.708999999999999631e+01
7.370000000000000000e+02 4.179104477611940774e-03 3.080000000000000071e+00
7.390000000000000000e+02 1.651285520974289656e-01 1.220300000000000011e+02
7.350000000000000000e+02 1.608163265306122511e-02 1.182000000000000028e+01
7.330000000000000000e+02 1.198499317871759839e-01 8.784999999999999432e+01
7.340000000000000000e+02 2.374659400544959220e-01 1.743000000000000114e+02
7.340000000000000000e+02 8.302452316076293359e-02 6.093999999999999773e+01
7.360000000000000000e+02 6.029891304347825137e-02 4.437999999999999545e+01
7.410000000000000000e+02 1.639676113360323817e-01 1.215000000000000000e+02
7.420000000000000000e+02 7.901617250673853565e-02 5.862999999999999545e+01
7.390000000000000000e+02 2.369418132611637168e-02 1.750999999999999801e+01
7.360000000000000000e+02 5.447010869565217100e-02 4.008999999999999631e+01
7.400000000000000000e+02 6.270270270270271104e-03 4.640000000000000568e+00
7.360000000000000000e+02 1.437771739130434823e-01 1.058199999999999932e+02
7.340000000000000000e+02 3.086784741144413813e-01 2.265699999999999932e+02
7.310000000000000000e+02 9.365253077975375928e-02 6.845999999999999375e+01
7.310000000000000000e+02 2.284541723666210639e-02 1.669999999999999929e+01
7.280000000000000000e+02 1.132829670329670302e-01 8.246999999999999886e+01
7.310000000000000000e+02 5.745554035567715379e-02 4.200000000000000000e+01
7.330000000000000000e+02 7.590723055934515962e-02 5.564000000000000057e+01
7.320000000000000000e+02 1.482377049180327866e-01 1.085099999999999909e+02
7.300000000000000000e+02 5.420547945205478335e-02 3.956999999999999318e+01
7.250000000000000000e+02 4.542068965517241652e-02 3.292999999999999972e+01
7.250000000000000000e+02 6.093793103448275073e-02 4.417999999999999261e+01
7.250000000000000000e+02 1.000137931034482675e-01 7.250999999999999091e+01
7.240000000000000000e+02 8.893646408839776807e-02 6.438999999999998636e+01
7.310000000000000000e+02 1.896580027359781040e-01 1.386399999999999864e+02
7.350000000000000000e+02 8.474829931972788222e-02 6.228999999999999204e+01
