2.400000000000000000e+01 0.000000000000000000e+00 0.000000000000000000e+00
7.900000000000000000e+01 2.395949367088607396e+00 1.892799999999999727e+02
7.900000000000000000e+01 5.219240506329114737e+00 4.123200000000000500e+02
7.900000000000000000e+01 6.755696202531646044e+00 5.337000000000000455e+02
7.900000000000000000e+01 4.867721518987342399e+00 3.845500000000000682e+02
7.900000000000000000e+01 7.886708860759493511e+00 6.230499999999999545e+02
7.900000000000000000e+01 3.756708860759493174e+00 2.967799999999999727e+02
7.900000000000000000e+01 3.418227848101265565e+00 2.700399999999999636e+02
7.900000000000000000e+01 6.155063291139240000e+00 4.862499999999999432e+02
7.900000000000000000e+01 3.378734177215190204e+00 2.669200000000000159e+02
7.900000000000000000e+01 5.653417721518987804e+00 4.466200000000000045e+02
7.900000000000000000e+01 6.987468354430379947e+00 5.520099999999999909e+02
7.900000000000000000e+01 1.031645569620253111e+00 8.150000000000000000e+01
7.900000000000000000e+01 3.713544303797468249e+00 2.933700000000000045e+02
7.900000000000000000e+01 2.416582278481012480e+00 1.909099999999999966e+02
7.900000000000000000e+01 2.994177215189873564e+00 2.365400000000000205e+02
7.900000000000000000e+01 5.497594936708861013e+00 4.343100000000000023e+02
7.900000000000000000e+01 7.146835443037974356e-01 5.645999999999999375e+01
7.900000000000000000e+01 3.412784810126581636e+00 2.696099999999999568e+02
7.900000000000000000e+01 4.144556962025315983e+00 3.274199999999999591e+02
7.900000000000000000e+01 1.285443037974683733e+00 1.015500000000000114e+02
7.900000000000000000e+01 2.366708860759493493e+00 1.869699999999999989e+02
7.900000000000000000e+01 1.966329113924050631e+00 1.553400000000000034e+02
7.900000000000000000e+01 1.313670886075949173e+00 1.037799999999999869e+02
7.900000000000000000e+01 2.021518987341772711e+00 1.597000000000000455e+02
7.900000000000000000e+01 1.536075949367088800e+00 1.213500000000000085e+02
7.900000000000000000e+01 2.954177215189873085e+00 2.333799999999999670e+02
7.900000000000000000e+01 3.485569620253164747e+00 2.753600000000000136e+02
7.900000000000000000e+01 1.255822784810126658e+00 9.921000000000000796e+01
7.900000000000000000e+01 2.228354430379746898e+00 1.760400000000000205e+02
7.900000000000000000e+01 1.932151898734177475e+00 1.526400000000000148e+02
7.900000000000000000e+01 1.420126582278480987e+00 1.121899999999999977e+02
7.900000000000000000e+01 2.185316455696202809e+00 1.726400000000000148e+02
7.900000000000000000e+01 1.729113924050632856e-01 1.366000000000000014e+01
7.900000000000000000e+01 2.297341772151898720e+00 1.814900000000000091e+02
7.900000000000000000e+01 4.006202531645569387e+00 3.164899999999999523e+02
7.900000000000000000e+01 3.546962025316456213e+00 2.802100000000000364e+02
7.900000000000000000e+01 4.297594936708861724e+00 3.395100000000000477e+02
7.900000000000000000e+01 2.103291139240506702e+00 1.661600000000000250e+02
7.900000000000000000e+01 6.256962025316455955e-01 4.942999999999999972e+01
7.900000000000000000e+01 1.276455696202531520e+00 1.008399999999999892e+02
7.800000000000000000e+01 6.558974358974358765e-01 5.115999999999999659e+01
7.800000000000000000e+01 8.053846153846153655e-01 6.282000000000000028e+01
7.900000000000000000e+01 1.957088607594936969e+00 1.546100000000000136e+02
7.900000000000000000e+01 8.321518987341771645e-01 6.573999999999999488e+01
7.900000000000000000e+01 2.129999999999999893e+00 1.682699999999999818e+02
7.900000000000000000e+01 2.014936708860759484e+00 1.591800000000000068e+02
7.900000000000000000e+01 7.475949367088607911e-01 5.906000000000000227e+01
7.900000000000000000e+01 1.203417721518987404e+00 9.507000000000000739e+01
7.900000000000000000e+01 7.872151898734176534e-01 6.218999999999999773e+01
7.900000000000000000e+01 1.131518987341772142e+00 8.939000000000000057e+01
7.900000000000000000e+01 9.425316455696203244e-01 7.446000000000000796e+01
7.900000000000000000e+01 6.230379746835443822e-01 4.922000000000000597e+01
7.800000000000000000e+01 9.765384615384615774e-01 7.617000000000000171e+01
7.800000000000000000e+01 7.762820512820512997e-01 6.054999999999999716e+01
7.900000000000000000e+01 3.854430379746836000e-01 3.045000000000000284e+01
7.900000000000000000e+01 8.325316455696202267e-01 6.576999999999999602e+01
7.900000000000000000e+01 5.227848101265822889e-01 4.129999999999999716e+01
7.900000000000000000e+01 5.822784810126582257e-03 4.600000000000000200e-01
7.900000000000000000e+01 6.905063291139240667e-01 5.454999999999999716e+01
7.900000000000000000e+01 1.691139240506329133e-01 1.335999999999999943e+01
7.900000000000000000e+01 3.597468354430379822e-01 2.842000000000000171e+01
7.900000000000000000e+01 1.865822784810126755e+00 1.474000000000000057e+02
7.900000000000000000e+01 1.301012658227848062e+00 1.027800000000000011e+02
7.900000000000000000e+01 1.219873417721519138e+00 9.637000000000000455e+01
7.900000000000000000e+01 3.511392405063291644e-01 2.774000000000000199e+01
7.900000000000000000e+01 6.646835443037973912e-01 5.250999999999999801e+01
7.900000000000000000e+01 1.670632911392405218e+00 1.319800000000000182e+02
7.900000000000000000e+01 1.583924050632911307e+00 1.251299999999999955e+02
7.900000000000000000e+01 1.236708860759493600e+00 9.769999999999998863e+01
7.900000000000000000e+01 1.499113924050632818e+00 1.184299999999999926e+02
7.900000000000000000e+01 4.141772151898734933e-01 3.272000000000000597e+01
7.900000000000000000e+01 5.036708860759493422e-01 3.978999999999999915e+01
7.900000000000000000e+01 0.000000000000000000e+00 0.000000000000000000e+00
7.900000000000000000e+01 2.458860759493670667e+00 1.942500000000000000e+02
7.900000000000000000e+01 2.765189873417721600e+00 2.184500000000000171e+02
7.900000000000000000e+01 8.258227848101264978e-01 6.523999999999999488e+01
7.900000000000000000e+01 1.592658227848101182e+00 1.258199999999999932e+02
7.900000000000000000e+01 9.811392405063289468e-01 7.750999999999999091e+01
7.900000000000000000e+01 2.630379746835443400e-01 2.078000000000000114e+01
7.900000000000000000e+01 2.017215189873418080e+00 1.593600000000000136e+02
7.900000000000000000e+01 1.346835443037974755e-01 1.064000000000000057e+01
7.900000000000000000e+01 4.687341772151898955e-01 3.703000000000000114e+01
7.900000000000000000e+01 1.045063291139240569e+00 8.256000000000000227e+01
7.900000000000000000e+01 1.466835443037974862e+00 1.158800000000000097e+02
7.900000000000000000e+01 1.977341772151898880e+00 1.562100000000000080e+02
7.900000000000000000e+01 2.039873417721519200e+00 1.611500000000000057e+02
7.900000000000000000e+01 3.283544303797468200e-01 2.593999999999999773e+01
7.900000000000000000e+01 3.655696202531645844e-01 2.888000000000000256e+01
7.900000000000000000e+01 7.320253164556961289e-01 5.782999999999999829e+01
7.900000000000000000e+01 5.374683544303797689e-01 4.246000000000000085e+01
7.900000000000000000e+01 8.660759493670886489e-01 6.842000000000000171e+01
7.900000000000000000e+01 6.897468354430380533e-01 5.449000000000000199e+01
7.800000000000000000e+01 6.007692307692307221e-01 4.685999999999999943e+01
7.900000000000000000e+01 8.412658227848102133e-01 6.646000000000000796e+01
7.900000000000000000e+01 4.703797468354429800e-01 3.715999999999999659e+01
7.900000000000000000e+01 2.311772151898733973e+00 1.826299999999999955e+02
7.900000000000000000e+01 4.170886075949367666e-01 3.295000000000000284e+01
7.900000000000000000e+01 1.867088607594936667e+00 1.475000000000000000e+02
7.900000000000000000e+01 2.727088607594936764e+00 2.154399999999999977e+02
