2.400000000000000000e+01 0.000000000000000000e+00 0.000000000000000000e+00
5.990000000000000000e+02 6.921469115191984933e+00 4.145959999999999127e+03
7.440000000000000000e+02 4.384758064516129039e+00 3.262260000000000218e+03
7.620000000000000000e+02 3.232204724409448726e+00 2.462940000000000055e+03
7.830000000000000000e+02 3.240715197956578031e+00 2.537480000000000473e+03
7.870000000000000000e+02 3.011702668360864088e+00 2.370210000000000036e+03
7.900000000000000000e+02 2.754569620253163986e+00 2.176109999999999673e+03
7.900000000000000000e+02 2.241417721518986994e+00 1.770719999999999800e+03
7.900000000000000000e+02 1.763468354430379526e+00 1.393139999999999873e+03
7.900000000000000000e+02 2.240088607594936665e+00 1.769670000000000073e+03
7.900000000000000000e+02 2.085506329113924195e+00 1.647549999999999955e+03
7.900000000000000000e+02 2.057430379746835403e+00 1.625369999999999891e+03
7.900000000000000000e+02 2.404455696202531634e+00 1.899519999999999982e+03
7.900000000000000000e+02 1.837962025316455694e+00 1.451990000000000009e+03
7.900000000000000000e+02 2.151949367088607623e+00 1.700039999999999964e+03
7.900000000000000000e+02 1.978025316455696014e+00 1.562639999999999873e+03
7.900000000000000000e+02 1.879759493670886128e+00 1.485009999999999991e+03
7.900000000000000000e+02 1.886189873417721596e+00 1.490090000000000146e+03
7.900000000000000000e+02 1.661139240506329440e+00 1.312300000000000182e+03
7.900000000000000000e+02 1.851721518987341719e+00 1.462859999999999900e+03
7.900000000000000000e+02 1.906569620253164565e+00 1.506190000000000055e+03
7.900000000000000000e+02 1.817822784810126491e+00 1.436079999999999927e+03
7.900000000000000000e+02 2.199721518987341806e+00 1.737780000000000200e+03
7.900000000000000000e+02 2.091531645569620235e+00 1.652309999999999945e+03
7.900000000000000000e+02 2.652696202531645842e+00 2.095630000000000109e+03
7.900000000000000000e+02 1.845924050632911539e+00 1.458280000000000200e+03
7.900000000000000000e+02 2.031607594936708949e+00 1.604970000000000027e+03
7.900000000000000000e+02 2.403848101265822823e+00 1.899039999999999964e+03
7.900000000000000000e+02 2.400291139240505967e+00 1.896229999999999791e+03
7.900000000000000000e+02 2.608430379746835115e+00 2.060659999999999854e+03
7.900000000000000000e+02 1.857354430379746679e+00 1.467309999999999945e+03
7.900000000000000000e+02 2.245063291139240302e+00 1.773599999999999909e+03
7.900000000000000000e+02 1.957759493670885975e+00 1.546629999999999882e+03
7.900000000000000000e+02 2.221987341772151847e+00 1.755370000000000118e+03
7.900000000000000000e+02 2.379531645569620046e+00 1.879829999999999927e+03
7.900000000000000000e+02 1.682189873417721637e+00 1.328930000000000064e+03
7.900000000000000000e+02 2.064835443037974283e+00 1.631219999999999800e+03
7.900000000000000000e+02 1.744113924050633146e+00 1.377850000000000136e+03
7.900000000000000000e+02 1.890240506329113890e+00 1.493289999999999964e+03
7.900000000000000000e+02 1.947291139240506119e+00 1.538359999999999900e+03
7.900000000000000000e+02 1.959746835443038071e+00 1.548200000000000045e+03
7.900000000000000000e+02 2.315088607594936398e+00 1.828919999999999845e+03
7.900000000000000000e+02 2.296000000000000263e+00 1.813840000000000146e+03
7.900000000000000000e+02 2.497544303797468501e+00 1.973059999999999945e+03
7.900000000000000000e+02 1.837544303797468359e+00 1.451660000000000082e+03
7.900000000000000000e+02 2.037139240506329330e+00 1.609340000000000146e+03
7.900000000000000000e+02 2.462113924050632896e+00 1.945069999999999936e+03
7.900000000000000000e+02 2.452987341772152163e+00 1.937860000000000127e+03
7.900000000000000000e+02 2.669683544303797174e+00 2.109049999999999727e+03
7.900000000000000000e+02 1.951177215189873415e+00 1.541430000000000064e+03
7.900000000000000000e+02 2.003379746835443065e+00 1.582670000000000073e+03
7.900000000000000000e+02 2.005354430379747033e+00 1.584230000000000018e+03
7.900000000000000000e+02 2.203316455696202603e+00 1.740619999999999891e+03
7.900000000000000000e+02 2.411620253164556971e+00 1.905179999999999836e+03
7.900000000000000000e+02 1.599468354430379602e+00 1.263579999999999927e+03
7.900000000000000000e+02 1.780746835443038023e+00 1.406789999999999964e+03
7.900000000000000000e+02 2.105291139240506038e+00 1.663179999999999836e+03
7.900000000000000000e+02 2.255240506329113881e+00 1.781639999999999873e+03
7.900000000000000000e+02 2.256012658227847911e+00 1.782250000000000000e+03
7.900000000000000000e+02 1.561556962025316242e+00 1.233629999999999882e+03
7.900000000000000000e+02 1.815329113924050830e+00 1.434110000000000127e+03
7.900000000000000000e+02 1.831050632911392473e+00 1.446529999999999973e+03
7.900000000000000000e+02 1.874708860759493723e+00 1.481019999999999982e+03
7.900000000000000000e+02 2.115683544303797348e+00 1.671389999999999873e+03
7.900000000000000000e+02 1.664784810126582304e+00 1.315180000000000064e+03
7.900000000000000000e+02 2.002113924050632932e+00 1.581669999999999845e+03
7.900000000000000000e+02 1.899949367088607621e+00 1.500960000000000036e+03
7.900000000000000000e+02 2.092746835443037856e+00 1.653269999999999982e+03
7.900000000000000000e+02 2.039594936708860828e+00 1.611280000000000200e+03
7.900000000000000000e+02 1.899481012658227774e+00 1.500589999999999918e+03
7.900000000000000000e+02 2.194278481012658322e+00 1.733480000000000018e+03
7.900000000000000000e+02 1.918632911392404994e+00 1.515720000000000027e+03
7.900000000000000000e+02 2.069430379746835413e+00 1.634849999999999909e+03
7.900000000000000000e+02 2.329746835443037956e+00 1.840500000000000000e+03
7.900000000000000000e+02 2.024949367088607843e+00 1.599710000000000036e+03
7.900000000000000000e+02 2.245962025316455613e+00 1.774309999999999945e+03
7.900000000000000000e+02 1.964987341772151730e+00 1.552339999999999918e+03
7.900000000000000000e+02 2.262050632911392523e+00 1.787019999999999982e+03
7.900000000000000000e+02 2.038911392405062806e+00 1.610739999999999782e+03
7.900000000000000000e+02 2.213734177215189725e+00 1.748849999999999909e+03
7.900000000000000000e+02 2.427810126582278460e+00 1.917970000000000027e+03
7.900000000000000000e+02 1.821734177215190043e+00 1.439170000000000073e+03
7.900000000000000000e+02 2.121556962025316295e+00 1.676029999999999745e+03
7.900000000000000000e+02 1.471924050632911207e+00 1.162819999999999936e+03
7.900000000000000000e+02 2.004797468354430290e+00 1.583789999999999964e+03
7.900000000000000000e+02 1.966999999999999860e+00 1.553929999999999836e+03
7.900000000000000000e+02 1.985658227848101420e+00 1.568670000000000073e+03
7.900000000000000000e+02 2.210518987341771879e+00 1.746309999999999945e+03
7.900000000000000000e+02 1.897607594936709052e+00 1.499110000000000127e+03
7.900000000000000000e+02 2.018569620253164665e+00 1.594670000000000073e+03
7.900000000000000000e+02 2.186151898734177035e+00 1.727059999999999945e+03
7.900000000000000000e+02 1.882050632911392407e+00 1.486819999999999936e+03
7.900000000000000000e+02 2.004999999999999893e+00 1.583950000000000045e+03
7.900000000000000000e+02 2.223746835443038083e+00 1.756759999999999991e+03
7.900000000000000000e+02 2.203772151898734322e+00 1.740980000000000018e+03
7.900000000000000000e+02 1.663734177215190124e+00 1.314350000000000136e+03
7.900000000000000000e+02 2.287329113924050805e+00 1.806990000000000009e+03
7.900000000000000000e+02 2.746784810126582155e+00 2.169960000000000036e+03
7.900000000000000000e+02 2.126518987341771805e+00 1.679949999999999818e+03
7.900000000000000000e+02 2.734189873417721905e+00 2.160010000000000218e+03
