2.400000000000000000e+01 0.000000000000000000e+00 0.000000000000000000e+00
1.950000000000000000e+02 9.269025641025640638e+00 1.807460000000000036e+03
1.950000000000000000e+02 8.978256410256410192e+00 1.750759999999999991e+03
1.950000000000000000e+02 8.013230769230768047e+00 1.562579999999999927e+03
1.950000000000000000e+02 7.441948717948717373e+00 1.451179999999999836e+03
1.950000000000000000e+02 8.007333333333333414e+00 1.561430000000000064e+03
1.950000000000000000e+02 8.361333333333334394e+00 1.630460000000000036e+03
1.950000000000000000e+02 8.650923076923076493e+00 1.686929999999999836e+03
1.950000000000000000e+02 6.897897435897435869e+00 1.345089999999999918e+03
1.950000000000000000e+02 5.804205128205127906e+00 1.131819999999999936e+03
1.950000000000000000e+02 8.281487179487180939e+00 1.614890000000000327e+03
1.950000000000000000e+02 7.699179487179487857e+00 1.501340000000000146e+03
1.950000000000000000e+02 7.536512820512819566e+00 1.469619999999999891e+03
1.950000000000000000e+02 7.207230769230768885e+00 1.405409999999999854e+03
1.950000000000000000e+02 8.552564102564103266e+00 1.667750000000000000e+03
1.950000000000000000e+02 8.549076923076922796e+00 1.667069999999999936e+03
1.950000000000000000e+02 7.851435897435895761e+00 1.531029999999999745e+03
1.950000000000000000e+02 7.438410256410256771e+00 1.450490000000000009e+03
1.950000000000000000e+02 6.450871794871795295e+00 1.257920000000000073e+03
1.950000000000000000e+02 7.654358974358974166e+00 1.492599999999999909e+03
1.950000000000000000e+02 8.146256410256409453e+00 1.588519999999999754e+03
1.950000000000000000e+02 7.464717948717948026e+00 1.455619999999999891e+03
1.950000000000000000e+02 7.162307692307693152e+00 1.396650000000000091e+03
1.950000000000000000e+02 8.016358974358974265e+00 1.563190000000000055e+03
1.950000000000000000e+02 9.224051282051282996e+00 1.798690000000000055e+03
1.950000000000000000e+02 8.503076923076923421e+00 1.658099999999999909e+03
1.950000000000000000e+02 7.532153846153845755e+00 1.468769999999999982e+03
1.950000000000000000e+02 6.596871794871794314e+00 1.286389999999999873e+03
1.950000000000000000e+02 8.104974358974358140e+00 1.580469999999999800e+03
1.950000000000000000e+02 7.929076923076922689e+00 1.546169999999999845e+03
1.950000000000000000e+02 8.036974358974358523e+00 1.567210000000000036e+03
1.950000000000000000e+02 7.210923076923077879e+00 1.406130000000000109e+03
1.950000000000000000e+02 8.431743589743589951e+00 1.644190000000000055e+03
1.950000000000000000e+02 8.545487179487178508e+00 1.666369999999999891e+03
1.950000000000000000e+02 7.824871794871794073e+00 1.525849999999999909e+03
1.950000000000000000e+02 6.952820512820514054e+00 1.355800000000000182e+03
1.950000000000000000e+02 6.185179487179487623e+00 1.206110000000000127e+03
1.950000000000000000e+02 8.332205128205126599e+00 1.624779999999999745e+03
1.950000000000000000e+02 7.786923076923078391e+00 1.518450000000000273e+03
1.950000000000000000e+02 8.124461538461538623e+00 1.584269999999999982e+03
1.950000000000000000e+02 6.517999999999999794e+00 1.271009999999999991e+03
1.950000000000000000e+02 7.408564102564101361e+00 1.444669999999999845e+03
1.950000000000000000e+02 8.872358974358974137e+00 1.730110000000000127e+03
1.950000000000000000e+02 7.468615384615385544e+00 1.456380000000000109e+03
1.950000000000000000e+02 7.590358974358974109e+00 1.480119999999999891e+03
1.950000000000000000e+02 6.886512820512820099e+00 1.342869999999999891e+03
1.950000000000000000e+02 7.589230769230769447e+00 1.479900000000000091e+03
1.950000000000000000e+02 7.570769230769231584e+00 1.476300000000000182e+03
1.950000000000000000e+02 7.849282051282052031e+00 1.530610000000000127e+03
1.950000000000000000e+02 6.977948717948717849e+00 1.360700000000000045e+03
1.950000000000000000e+02 7.843538461538463125e+00 1.529490000000000236e+03
1.950000000000000000e+02 8.109025641025640496e+00 1.581259999999999991e+03
1.950000000000000000e+02 7.806307692307692392e+00 1.522230000000000018e+03
1.950000000000000000e+02 6.751538461538461711e+00 1.316549999999999955e+03
1.950000000000000000e+02 6.699128205128205060e+00 1.306329999999999927e+03
1.950000000000000000e+02 9.350871794871794762e+00 1.823420000000000073e+03
1.950000000000000000e+02 9.068717948717949895e+00 1.768400000000000091e+03
1.950000000000000000e+02 8.875743589743589013e+00 1.730769999999999982e+03
1.950000000000000000e+02 7.291487179487179837e+00 1.421840000000000146e+03
1.950000000000000000e+02 7.869230769230768807e+00 1.534500000000000000e+03
1.950000000000000000e+02 8.713025641025641477e+00 1.699040000000000191e+03
1.950000000000000000e+02 8.127897435897436296e+00 1.584940000000000055e+03
1.950000000000000000e+02 7.131384615384614989e+00 1.390619999999999891e+03
1.950000000000000000e+02 6.675897435897435450e+00 1.301799999999999955e+03
1.950000000000000000e+02 8.137589743589744629e+00 1.586830000000000155e+03
1.950000000000000000e+02 7.810000000000000497e+00 1.522950000000000045e+03
1.950000000000000000e+02 7.365846153846153044e+00 1.436339999999999918e+03
1.950000000000000000e+02 6.682153846153846111e+00 1.303019999999999982e+03
1.950000000000000000e+02 7.462205128205129157e+00 1.455130000000000109e+03
1.950000000000000000e+02 8.323384615384615159e+00 1.623059999999999945e+03
1.950000000000000000e+02 7.659948717948718233e+00 1.493690000000000055e+03
1.950000000000000000e+02 7.176307692307692498e+00 1.399380000000000109e+03
1.950000000000000000e+02 6.505794871794872591e+00 1.268630000000000109e+03
1.950000000000000000e+02 8.346923076923076223e+00 1.627649999999999864e+03
1.950000000000000000e+02 8.133076923076922427e+00 1.585950000000000045e+03
1.950000000000000000e+02 7.841128205128205408e+00 1.529019999999999982e+03
1.950000000000000000e+02 7.313487179487179191e+00 1.426129999999999882e+03
1.950000000000000000e+02 7.977692307692308304e+00 1.555650000000000091e+03
1.950000000000000000e+02 8.933538461538461206e+00 1.742039999999999964e+03
1.950000000000000000e+02 8.470051282051281660e+00 1.651659999999999854e+03
1.950000000000000000e+02 7.107282051282052038e+00 1.385920000000000073e+03
1.950000000000000000e+02 6.728512820512820625e+00 1.312059999999999945e+03
1.950000000000000000e+02 8.734923076923076124e+00 1.703309999999999945e+03
1.950000000000000000e+02 8.598615384615385437e+00 1.676730000000000018e+03
1.950000000000000000e+02 8.450461538461539135e+00 1.647840000000000146e+03
1.950000000000000000e+02 6.674820512820513585e+00 1.301590000000000146e+03
1.950000000000000000e+02 7.188051282051282520e+00 1.401670000000000073e+03
1.950000000000000000e+02 8.929692307692308262e+00 1.741289999999999964e+03
1.950000000000000000e+02 7.530564102564103024e+00 1.468460000000000036e+03
1.950000000000000000e+02 6.123538461538459821e+00 1.194089999999999691e+03
1.950000000000000000e+02 6.755999999999999339e+00 1.317419999999999845e+03
1.950000000000000000e+02 8.457076923076924047e+00 1.649130000000000109e+03
1.950000000000000000e+02 9.388102564102563719e+00 1.830679999999999836e+03
1.950000000000000000e+02 8.495538461538462371e+00 1.656630000000000109e+03
1.950000000000000000e+02 6.634717948717948843e+00 1.293769999999999982e+03
1.950000000000000000e+02 7.413743589743589268e+00 1.445679999999999836e+03
1.950000000000000000e+02 7.703743589743590192e+00 1.502230000000000018e+03
1.950000000000000000e+02 7.752717948717948282e+00 1.511779999999999973e+03
1.950000000000000000e+02 6.866666666666666252e+00 1.339000000000000000e+03
1.950000000000000000e+02 7.158461538461539320e+00 1.395900000000000091e+03
