2.400000000000000000e+01 0.000000000000000000e+00 0.000000000000000000e+00
5.500000000000000000e+02 3.229345454545454519e+00 1.776139999999999873e+03
6.590000000000000000e+02 1.797663125948406826e+00 1.184660000000000082e+03
6.700000000000000000e+02 1.103358208955223851e+00 7.392500000000000000e+02
7.030000000000000000e+02 9.244950213371265768e-01 6.499199999999999591e+02
7.130000000000000000e+02 6.956100981767180391e-01 4.959699999999999704e+02
7.150000000000000000e+02 5.570209790209790235e-01 3.982699999999999818e+02
7.160000000000000000e+02 2.460055865921788043e-01 1.761400000000000148e+02
7.220000000000000000e+02 6.023545706371191688e-01 4.349000000000000341e+02
7.260000000000000000e+02 3.868595041322313577e-01 2.808599999999999568e+02
7.250000000000000000e+02 2.625517241379310418e-01 1.903500000000000227e+02
7.250000000000000000e+02 5.671034482758621209e-01 4.111500000000000341e+02
7.260000000000000000e+02 2.374104683195591980e-01 1.723599999999999852e+02
7.250000000000000000e+02 3.627586206896551459e-03 2.629999999999999893e+00
7.260000000000000000e+02 3.308815426997245290e-01 2.402199999999999989e+02
7.260000000000000000e+02 1.427961432506887063e-01 1.036700000000000017e+02
7.230000000000000000e+02 1.563485477178423178e-01 1.130399999999999920e+02
7.190000000000000000e+02 6.468706536856745626e-02 4.650999999999999801e+01
7.210000000000000000e+02 5.157975034674063819e-01 3.718899999999999864e+02
7.260000000000000000e+02 7.298622589531680305e-01 5.298799999999999955e+02
7.240000000000000000e+02 5.174585635359115754e-01 3.746399999999999864e+02
7.220000000000000000e+02 3.082409972299168799e-01 2.225499999999999829e+02
7.190000000000000000e+02 3.875521557719053822e-01 2.786499999999999773e+02
7.260000000000000000e+02 4.128374655647383262e-01 2.997200000000000273e+02
7.290000000000000000e+02 3.115363511659808293e-01 2.271100000000000136e+02
7.290000000000000000e+02 4.957475994513031448e-01 3.613999999999999773e+02
7.290000000000000000e+02 3.959945130315500883e-01 2.886800000000000068e+02
7.290000000000000000e+02 1.366941015089163103e-01 9.964999999999999147e+01
7.270000000000000000e+02 1.418019257221458107e-01 1.030900000000000034e+02
7.240000000000000000e+02 1.662707182320442012e-01 1.203799999999999955e+02
7.280000000000000000e+02 2.943269230769230971e-01 2.142700000000000102e+02
7.300000000000000000e+02 4.576849315068493573e-01 3.341100000000000136e+02
7.290000000000000000e+02 5.550342935528120858e-01 4.046200000000000045e+02
7.290000000000000000e+02 3.821536351165981116e-01 2.785900000000000318e+02
7.320000000000000000e+02 4.211612021857923938e-01 3.082900000000000205e+02
7.290000000000000000e+02 1.234567901234567833e-01 9.000000000000000000e+01
7.280000000000000000e+02 9.598901098901098383e-02 6.987999999999999545e+01
7.250000000000000000e+02 5.939310344827585658e-02 4.305999999999999517e+01
7.300000000000000000e+02 1.284246575342465890e-01 9.375000000000000000e+01
7.280000000000000000e+02 2.380631868131868056e-01 1.733100000000000023e+02
7.330000000000000000e+02 2.323738062755798250e-01 1.703300000000000125e+02
7.330000000000000000e+02 9.612551159618008823e-02 7.046000000000000796e+01
7.310000000000000000e+02 1.971135430916552689e-01 1.440900000000000034e+02
7.310000000000000000e+02 2.052530779753762302e-01 1.500400000000000205e+02
7.310000000000000000e+02 3.774829001367988046e-01 2.759399999999999409e+02
7.310000000000000000e+02 2.161422708618331023e-01 1.580000000000000000e+02
7.330000000000000000e+02 2.362755798090040993e-01 1.731899999999999977e+02
7.300000000000000000e+02 1.273424657534246440e-01 9.295999999999999375e+01
7.310000000000000000e+02 1.105745554035567624e-01 8.082999999999999829e+01
7.250000000000000000e+02 1.669379310344827616e-01 1.210300000000000011e+02
7.280000000000000000e+02 2.081181318681318559e-01 1.515099999999999909e+02
7.320000000000000000e+02 4.412841530054644745e-01 3.230199999999999818e+02
7.330000000000000000e+02 1.177626193724420345e-01 8.632000000000000739e+01
7.330000000000000000e+02 4.822646657571623419e-02 3.535000000000000142e+01
7.340000000000000000e+02 1.661307901907357054e-01 1.219399999999999977e+02
7.320000000000000000e+02 1.099180327868852503e-01 8.046000000000000796e+01
7.330000000000000000e+02 1.074351978171896316e-01 7.875000000000000000e+01
7.330000000000000000e+02 3.013642564802183066e-01 2.209000000000000057e+02
7.290000000000000000e+02 3.038408779149520123e-01 2.215000000000000000e+02
7.310000000000000000e+02 4.647058823529411770e-02 3.396999999999999886e+01
7.310000000000000000e+02 1.707113543091655083e-01 1.247899999999999920e+02
7.280000000000000000e+02 3.189560439560439747e-02 2.321999999999999886e+01
7.240000000000000000e+02 2.999999999999999889e-02 2.171999999999999886e+01
7.310000000000000000e+02 5.653898768809849373e-02 4.132999999999999829e+01
7.290000000000000000e+02 1.648834019204389531e-02 1.201999999999999957e+01
7.250000000000000000e+02 5.071724137931035020e-02 3.677000000000000313e+01
7.280000000000000000e+02 1.998626373626373465e-02 1.454999999999999893e+01
7.260000000000000000e+02 1.061983471074380223e-02 7.709999999999999964e+00
7.200000000000000000e+02 3.823888888888889448e-01 2.753200000000000500e+02
7.250000000000000000e+02 2.129655172413792708e-01 1.543999999999999773e+02
7.250000000000000000e+02 1.348965517241379197e-01 9.779999999999999716e+01
7.230000000000000000e+02 1.428077455048409328e-01 1.032500000000000000e+02
7.220000000000000000e+02 6.614958448753460729e-02 4.775999999999999091e+01
7.210000000000000000e+02 7.337031900138696154e-03 5.290000000000000036e+00
7.220000000000000000e+02 6.034626038781163576e-02 4.357000000000000028e+01
7.280000000000000000e+02 1.700686813186813306e-01 1.238100000000000165e+02
7.270000000000000000e+02 3.411279229711141475e-02 2.480000000000000071e+01
7.240000000000000000e+02 4.419889502762430755e-02 3.200000000000000000e+01
7.250000000000000000e+02 1.458620689655172331e-01 1.057500000000000000e+02
7.270000000000000000e+02 7.592847317744154390e-02 5.520000000000000284e+01
7.230000000000000000e+02 2.442600276625172748e-02 1.766000000000000014e+01
7.250000000000000000e+02 1.878482758620690085e-01 1.361900000000000261e+02
7.240000000000000000e+02 4.088397790055248344e-03 2.959999999999999964e+00
7.210000000000000000e+02 1.571289875173370321e-01 1.132899999999999920e+02
7.200000000000000000e+02 4.638750000000000373e-01 3.339900000000000091e+02
7.210000000000000000e+02 4.253120665742024520e-01 3.066499999999999773e+02
7.230000000000000000e+02 8.713692946058091554e-03 6.299999999999999822e+00
7.240000000000000000e+02 1.460497237569060580e-01 1.057399999999999949e+02
7.200000000000000000e+02 1.722916666666666763e-01 1.240499999999999972e+02
7.200000000000000000e+02 3.648333333333333428e-01 2.626800000000000068e+02
7.200000000000000000e+02 2.069444444444444309e-01 1.490000000000000000e+02
7.220000000000000000e+02 3.704986149584487548e-02 2.675000000000000000e+01
7.180000000000000000e+02 1.445682451253481882e-01 1.037999999999999972e+02
7.190000000000000000e+02 3.302364394993045904e-01 2.374399999999999977e+02
7.210000000000000000e+02 2.198335644937586819e-01 1.585000000000000000e+02
7.190000000000000000e+02 4.541029207232268050e-02 3.265000000000000568e+01
7.210000000000000000e+02 5.814147018030513259e-02 4.192000000000000171e+01
7.200000000000000000e+02 2.134583333333333333e-01 1.536899999999999977e+02
7.150000000000000000e+02 3.257342657342657266e-02 2.328999999999999915e+01
7.170000000000000000e+02 1.085495118549511806e-01 7.782999999999999829e+01
