2.400000000000000000e+01 0.000000000000000000e+00 0.000000000000000000e+00
9.900000000000000000e+01 5.971414141414141064e+00 5.911699999999999591e+02
9.900000000000000000e+01 5.584949494949495552e+00 5.529100000000000819e+02
9.900000000000000000e+01 4.820101010101010885e+00 4.771900000000000546e+02
9.900000000000000000e+01 6.452121212121213034e+00 6.387600000000001046e+02
9.900000000000000000e+01 5.543939393939393057e+00 5.488499999999999091e+02
9.900000000000000000e+01 5.154040404040403978e+00 5.102500000000000000e+02
9.900000000000000000e+01 5.933636363636362709e+00 5.874299999999999500e+02
9.900000000000000000e+01 5.181111111111111001e+00 5.129299999999999500e+02
9.900000000000000000e+01 3.975858585858586203e+00 3.936100000000000136e+02
9.900000000000000000e+01 3.577676767676768232e+00 3.541900000000000546e+02
9.900000000000000000e+01 2.646666666666666501e+00 2.620199999999999818e+02
9.900000000000000000e+01 2.647474747474747758e+00 2.621000000000000227e+02
9.900000000000000000e+01 3.186262626262626352e+00 3.154399999999999977e+02
9.900000000000000000e+01 1.314343434343434369e+00 1.301200000000000045e+02
9.900000000000000000e+01 1.087373737373737104e+00 1.076499999999999773e+02
9.900000000000000000e+01 9.344444444444445219e-01 9.251000000000000512e+01
9.800000000000000000e+01 8.212244897959182222e-01 8.047999999999998977e+01
9.900000000000000000e+01 4.306060606060605478e-01 4.262999999999999545e+01
9.900000000000000000e+01 6.115151515151514561e-01 6.053999999999999204e+01
9.900000000000000000e+01 5.226262626262625499e-01 5.173999999999999488e+01
9.900000000000000000e+01 7.506060606060606100e-01 7.431000000000000227e+01
9.900000000000000000e+01 7.910101010101009411e-01 7.830999999999998806e+01
9.900000000000000000e+01 2.222222222222221787e-03 2.199999999999999734e-01
9.900000000000000000e+01 1.213131313131313171e-01 1.200999999999999979e+01
9.900000000000000000e+01 4.234343434343434409e-01 4.192000000000000171e+01
9.900000000000000000e+01 3.168686868686868552e-01 3.136999999999999744e+01
9.900000000000000000e+01 5.025252525252524860e-01 4.975000000000000000e+01
9.900000000000000000e+01 1.394848484848484560e+00 1.380899999999999750e+02
9.900000000000000000e+01 1.162626262626262619e-01 1.150999999999999979e+01
9.900000000000000000e+01 4.680808080808080973e-01 4.634000000000000341e+01
9.900000000000000000e+01 5.798989898989899139e-01 5.741000000000000369e+01
9.800000000000000000e+01 7.760204081632652295e-01 7.604999999999999716e+01
9.800000000000000000e+01 7.030612244897957996e-01 6.889999999999999147e+01
9.900000000000000000e+01 7.233333333333332726e-01 7.160999999999999943e+01
9.900000000000000000e+01 6.445454545454545325e-01 6.380999999999999517e+01
9.900000000000000000e+01 5.117171717171717926e-01 5.066000000000000369e+01
9.900000000000000000e+01 1.513434343434343354e+00 1.498299999999999841e+02
9.900000000000000000e+01 9.985858585858585768e-01 9.885999999999999943e+01
9.900000000000000000e+01 9.656565656565655464e-01 9.559999999999999432e+01
9.900000000000000000e+01 8.260606060606060508e-01 8.178000000000000114e+01
9.900000000000000000e+01 5.957575757575758191e-01 5.898000000000000398e+01
9.900000000000000000e+01 8.673737373737374634e-01 8.587000000000000455e+01
9.900000000000000000e+01 1.602626262626262843e+00 1.586600000000000250e+02
9.900000000000000000e+01 1.545050505050504785e+00 1.529599999999999795e+02
9.900000000000000000e+01 2.086666666666666448e+00 2.065799999999999841e+02
9.900000000000000000e+01 1.082424242424242511e+00 1.071600000000000108e+02
9.900000000000000000e+01 1.007676767676767504e+00 9.975999999999999091e+01
9.900000000000000000e+01 6.997979797979798633e-01 6.928000000000000114e+01
9.900000000000000000e+01 8.828282828282828509e-01 8.740000000000000568e+01
9.900000000000000000e+01 7.152525252525252508e-01 7.081000000000000227e+01
9.900000000000000000e+01 1.050303030303030294e+00 1.039800000000000040e+02
9.900000000000000000e+01 7.353535353535353147e-01 7.279999999999999716e+01
9.900000000000000000e+01 3.908080808080807711e-01 3.868999999999999773e+01
9.900000000000000000e+01 7.109090909090908239e-01 7.037999999999999545e+01
9.900000000000000000e+01 6.744444444444445130e-01 6.677000000000001023e+01
9.900000000000000000e+01 1.028989898989898899e+00 1.018699999999999903e+02
9.900000000000000000e+01 5.491919191919191201e-01 5.436999999999999034e+01
9.900000000000000000e+01 5.849494949494948859e-01 5.790999999999999659e+01
9.900000000000000000e+01 6.969696969696970168e-01 6.900000000000000000e+01
9.900000000000000000e+01 5.151515151515152491e-01 5.100000000000000711e+01
9.900000000000000000e+01 5.260606060606060064e-01 5.207999999999999829e+01
9.800000000000000000e+01 9.753061224489796288e-01 9.557999999999999829e+01
9.800000000000000000e+01 6.608163265306121747e-01 6.475999999999999091e+01
9.900000000000000000e+01 4.740404040404040953e-01 4.693000000000000682e+01
9.900000000000000000e+01 1.734040404040403827e+00 1.716699999999999875e+02
9.900000000000000000e+01 9.698989898989900382e-01 9.602000000000001023e+01
9.900000000000000000e+01 7.767676767676767735e-01 7.690000000000000568e+01
9.800000000000000000e+01 1.005612244897959195e+00 9.855000000000001137e+01
9.800000000000000000e+01 3.614285714285714324e-01 3.542000000000000171e+01
9.900000000000000000e+01 4.198989898989898828e-01 4.157000000000000028e+01
9.900000000000000000e+01 1.941212121212121389e+00 1.921800000000000068e+02
9.900000000000000000e+01 1.052626262626262799e+00 1.042100000000000080e+02
9.900000000000000000e+01 1.115555555555555634e+00 1.104399999999999977e+02
9.900000000000000000e+01 6.155555555555555225e-01 6.093999999999999773e+01
9.900000000000000000e+01 3.829292929292928971e-01 3.790999999999999659e+01
9.900000000000000000e+01 6.538383838383837743e-01 6.472999999999998977e+01
9.900000000000000000e+01 1.086565656565656512e+00 1.075699999999999932e+02
9.900000000000000000e+01 2.663636363636363580e-01 2.637000000000000099e+01
9.900000000000000000e+01 6.143434343434344136e-01 6.082000000000000739e+01
9.800000000000000000e+01 5.994897959183673741e-01 5.875000000000000000e+01
9.800000000000000000e+01 1.835714285714285798e-01 1.799000000000000199e+01
9.900000000000000000e+01 6.371717171717171668e-01 6.307999999999999829e+01
9.900000000000000000e+01 1.414949494949494735e+00 1.400799999999999841e+02
9.900000000000000000e+01 1.015050505050505203e+00 1.004900000000000091e+02
9.900000000000000000e+01 7.803030303030302761e-01 7.725000000000000000e+01
9.900000000000000000e+01 4.859595959595959802e-01 4.810999999999999943e+01
9.900000000000000000e+01 2.551515151515151847e-01 2.526000000000000156e+01
9.900000000000000000e+01 4.852525252525252686e-01 4.803999999999999915e+01
9.900000000000000000e+01 2.997979797979798189e+00 2.968000000000000114e+02
9.900000000000000000e+01 1.777171717171717180e+00 1.759399999999999977e+02
9.900000000000000000e+01 1.021515151515151709e+00 1.011300000000000097e+02
9.900000000000000000e+01 8.417171717171717527e-01 8.332999999999999829e+01
9.900000000000000000e+01 8.112121212121212732e-01 8.031000000000000227e+01
9.900000000000000000e+01 8.991919191919190979e-01 8.901999999999999602e+01
9.900000000000000000e+01 1.178181818181818219e+00 1.166400000000000006e+02
9.900000000000000000e+01 1.009898989898989852e+00 9.997999999999998977e+01
9.900000000000000000e+01 2.214141414141413966e-01 2.191999999999999815e+01
9.900000000000000000e+01 8.426262626262626121e-01 8.342000000000000171e+01
9.900000000000000000e+01 9.530303030303031164e-01 9.435000000000000853e+01
