1.800000000000000000e+01 0.000000000000000000e+00 0.000000000000000000e+00
2.900000000000000000e+01 8.175517241379310462e+00 2.370900000000000034e+02
2.900000000000000000e+01 9.582758620689654450e+00 2.778999999999999773e+02
2.900000000000000000e+01 4.723103448275862704e+00 1.369700000000000273e+02
2.900000000000000000e+01 7.092413793103448327e+00 2.056800000000000068e+02
2.900000000000000000e+01 6.693448275862068364e+00 1.941099999999999852e+02
2.900000000000000000e+01 5.489655172413793416e+00 1.592000000000000171e+02
2.900000000000000000e+01 5.641724137931034555e+00 1.636100000000000136e+02
2.900000000000000000e+01 4.167586206896551460e+00 1.208599999999999994e+02
2.900000000000000000e+01 3.036896551724137527e+00 8.806999999999999318e+01
2.900000000000000000e+01 3.345172413793103594e+00 9.701000000000000512e+01
2.900000000000000000e+01 4.117586206896551637e+00 1.194099999999999966e+02
2.900000000000000000e+01 4.126206896551724235e+00 1.196599999999999966e+02
2.900000000000000000e+01 5.780689655172412955e+00 1.676399999999999864e+02
2.900000000000000000e+01 2.399999999999999911e+00 6.959999999999999432e+01
2.900000000000000000e+01 3.829999999999999627e+00 1.110699999999999932e+02
2.900000000000000000e+01 3.104137931034482989e+00 9.002000000000001023e+01
2.900000000000000000e+01 2.268620689655172828e+00 6.579000000000000625e+01
2.900000000000000000e+01 2.957931034482758736e+00 8.578000000000000114e+01
2.900000000000000000e+01 3.247586206896551975e+00 9.418000000000000682e+01
2.900000000000000000e+01 1.752758620689655045e+00 5.082999999999999829e+01
2.900000000000000000e+01 2.516206896551723915e+00 7.296999999999999886e+01
2.900000000000000000e+01 3.427931034482758488e+00 9.940999999999999659e+01
2.900000000000000000e+01 6.975862068965517082e-01 2.023000000000000043e+01
2.900000000000000000e+01 2.763448275862069092e+00 8.014000000000000057e+01
2.900000000000000000e+01 2.163448275862069003e+00 6.273999999999999488e+01
2.900000000000000000e+01 9.865517241379312408e-01 2.861000000000000654e+01
2.900000000000000000e+01 2.562413793103448523e+00 7.431000000000000227e+01
2.900000000000000000e+01 2.660344827586206939e+00 7.715000000000000568e+01
2.900000000000000000e+01 1.347586206896551619e+00 3.907999999999999829e+01
2.900000000000000000e+01 1.710344827586206762e+00 4.959999999999999432e+01
2.900000000000000000e+01 2.127241379310344627e+00 6.168999999999999773e+01
2.900000000000000000e+01 1.310689655172413648e+00 3.800999999999999801e+01
2.900000000000000000e+01 3.720344827586206993e+00 1.078900000000000006e+02
2.900000000000000000e+01 3.388275862068965250e+00 9.825999999999999091e+01
2.900000000000000000e+01 1.614827586206896592e+00 4.682999999999999829e+01
2.900000000000000000e+01 3.615517241379310853e+00 1.048500000000000085e+02
2.900000000000000000e+01 3.121724137931034093e+00 9.052999999999998693e+01
2.900000000000000000e+01 2.335172413793103363e+00 6.771999999999999886e+01
2.900000000000000000e+01 3.967586206896551726e+00 1.150600000000000023e+02
2.900000000000000000e+01 3.314482758620689751e+00 9.612000000000000455e+01
2.900000000000000000e+01 1.562068965517241281e+00 4.529999999999999716e+01
2.900000000000000000e+01 3.037586206896551566e+00 8.808999999999998920e+01
2.900000000000000000e+01 3.342413793103448327e+00 9.693000000000000682e+01
2.900000000000000000e+01 2.737241379310344946e+00 7.938000000000000966e+01
2.900000000000000000e+01 3.395862068965517899e+00 9.848000000000001819e+01
2.900000000000000000e+01 1.952068965517241406e+00 5.660999999999999943e+01
2.900000000000000000e+01 1.883448275862068977e+00 5.461999999999999744e+01
2.900000000000000000e+01 2.410689655172413737e+00 6.990999999999999659e+01
2.900000000000000000e+01 2.822758620689655107e+00 8.185999999999999943e+01
2.900000000000000000e+01 1.745517241379310303e+00 5.061999999999999744e+01
2.900000000000000000e+01 2.293448275862068453e+00 6.650999999999999091e+01
2.900000000000000000e+01 1.293448275862068897e+00 3.750999999999999801e+01
2.900000000000000000e+01 3.148965517241379519e+00 9.132000000000000739e+01
2.900000000000000000e+01 3.569310344827585801e+00 1.035099999999999909e+02
2.900000000000000000e+01 3.208620689655172331e+00 9.304999999999999716e+01
2.900000000000000000e+01 2.322413793103448754e+00 6.735000000000000853e+01
2.900000000000000000e+01 2.729655172413793185e+00 7.915999999999999659e+01
2.900000000000000000e+01 3.103103448275862597e+00 8.999000000000000909e+01
2.900000000000000000e+01 3.163793103448275801e+00 9.175000000000000000e+01
2.900000000000000000e+01 2.655172413793103647e+00 7.700000000000000000e+01
2.900000000000000000e+01 4.512413793103447368e+00 1.308599999999999852e+02
2.900000000000000000e+01 3.026206896551724146e+00 8.776000000000000512e+01
2.900000000000000000e+01 2.820344827586206637e+00 8.178999999999999204e+01
2.900000000000000000e+01 4.648620689655172278e+00 1.348100000000000023e+02
2.900000000000000000e+01 3.457241379310345142e+00 1.002600000000000051e+02
2.900000000000000000e+01 1.241379310344827624e+00 3.600000000000000000e+01
2.900000000000000000e+01 2.627241379310344627e+00 7.618999999999999773e+01
2.900000000000000000e+01 3.194827586206896886e+00 9.265000000000000568e+01
2.900000000000000000e+01 3.019310344827586423e+00 8.756000000000000227e+01
2.900000000000000000e+01 3.518275862068965587e+00 1.020300000000000011e+02
2.900000000000000000e+01 3.246551724137930695e+00 9.414999999999999147e+01
2.900000000000000000e+01 2.259655172413792990e+00 6.553000000000000114e+01
2.900000000000000000e+01 4.262068965517241459e+00 1.236000000000000085e+02
2.900000000000000000e+01 3.664137931034482154e+00 1.062599999999999767e+02
2.900000000000000000e+01 2.101724137931034520e+00 6.095000000000000284e+01
2.900000000000000000e+01 3.808275862068965623e+00 1.104399999999999977e+02
2.900000000000000000e+01 3.263103448275861851e+00 9.462999999999999545e+01
2.900000000000000000e+01 1.408275862068965711e+00 4.084000000000000341e+01
2.900000000000000000e+01 3.228620689655172793e+00 9.363000000000000966e+01
2.900000000000000000e+01 9.044827586206894976e-01 2.622999999999999687e+01
2.900000000000000000e+01 1.435517241379310249e+00 4.162999999999999545e+01
2.900000000000000000e+01 3.344482758620689555e+00 9.698999999999999488e+01
2.900000000000000000e+01 3.227586206896551513e+00 9.359999999999999432e+01
2.900000000000000000e+01 2.066896551724138220e+00 5.994000000000001194e+01
2.900000000000000000e+01 4.100344827586206442e+00 1.189099999999999966e+02
2.900000000000000000e+01 1.949310344827586139e+00 5.653000000000000114e+01
2.900000000000000000e+01 2.471379310344826941e+00 7.166999999999998749e+01
2.900000000000000000e+01 3.863793103448275978e+00 1.120499999999999972e+02
2.900000000000000000e+01 2.771034482758621298e+00 8.036000000000001364e+01
2.900000000000000000e+01 3.147586206896551886e+00 9.128000000000000114e+01
2.900000000000000000e+01 3.908275862068966156e+00 1.133400000000000176e+02
2.900000000000000000e+01 2.364482758620689573e+00 6.856999999999999318e+01
2.900000000000000000e+01 3.337586206896551833e+00 9.679000000000000625e+01
2.900000000000000000e+01 3.797931034482758594e+00 1.101400000000000006e+02
2.900000000000000000e+01 3.071724137931034715e+00 8.908000000000001251e+01
2.900000000000000000e+01 3.415862068965517473e+00 9.906000000000000227e+01
2.900000000000000000e+01 3.078620689655172438e+00 8.928000000000000114e+01
2.900000000000000000e+01 3.326551724137931210e+00 9.646999999999999886e+01
2.900000000000000000e+01 3.143793103448276227e+00 9.117000000000001592e+01
