2.100000000000000000e+01 0.000000000000000000e+00 0.000000000000000000e+00
3.900000000000000000e+01 9.024102564102564727e+00 3.519400000000000546e+02
3.900000000000000000e+01 2.101794871794872233e+00 8.197000000000001307e+01
3.900000000000000000e+01 5.366666666666667140e+00 2.093000000000000114e+02
3.900000000000000000e+01 9.099999999999999645e+00 3.548999999999999773e+02
3.900000000000000000e+01 6.139230769230768381e+00 2.394299999999999784e+02
3.900000000000000000e+01 7.927948717948718027e+00 3.091899999999999977e+02
3.900000000000000000e+01 4.225384615384615294e+00 1.647899999999999920e+02
3.900000000000000000e+01 6.181282051282051881e+00 2.410700000000000216e+02
3.900000000000000000e+01 7.294358974358972958e+00 2.844799999999999613e+02
3.900000000000000000e+01 4.815641025641025585e+00 1.878100000000000023e+02
3.900000000000000000e+01 6.843846153846152802e+00 2.669099999999999682e+02
3.900000000000000000e+01 4.207179487179487865e+00 1.640800000000000125e+02
3.900000000000000000e+01 6.044871794871795601e+00 2.357500000000000284e+02
3.900000000000000000e+01 4.183333333333333570e+00 1.631500000000000057e+02
3.900000000000000000e+01 4.889743589743589247e+00 1.906999999999999886e+02
3.900000000000000000e+01 5.900256410256409900e+00 2.301099999999999852e+02
3.900000000000000000e+01 5.070000000000000284e+00 1.977300000000000182e+02
3.900000000000000000e+01 5.169487179487178174e+00 2.016099999999999568e+02
3.900000000000000000e+01 3.211538461538461675e+00 1.252500000000000000e+02
3.900000000000000000e+01 2.999743589743589567e+00 1.169899999999999949e+02
3.900000000000000000e+01 4.880512820512820760e+00 1.903400000000000034e+02
3.900000000000000000e+01 4.174358974358974628e+00 1.628000000000000114e+02
3.900000000000000000e+01 3.437692307692307381e+00 1.340699999999999932e+02
3.900000000000000000e+01 1.821794871794871762e+00 7.104999999999999716e+01
3.900000000000000000e+01 4.329487179487179205e+00 1.688499999999999943e+02
3.900000000000000000e+01 4.681794871794872748e+00 1.825900000000000318e+02
3.900000000000000000e+01 2.117692307692307985e+00 8.259000000000000341e+01
3.900000000000000000e+01 5.044871794871793824e+00 1.967499999999999716e+02
3.900000000000000000e+01 2.157948717948718009e+00 8.416000000000001080e+01
3.900000000000000000e+01 4.078974358974359227e+00 1.590800000000000125e+02
3.900000000000000000e+01 2.585128205128204737e+00 1.008199999999999932e+02
3.900000000000000000e+01 3.813846153846153886e+00 1.487400000000000091e+02
3.900000000000000000e+01 4.644615384615384812e+00 1.811400000000000148e+02
3.900000000000000000e+01 2.398461538461538201e+00 9.353999999999999204e+01
3.900000000000000000e+01 4.457692307692307843e+00 1.738499999999999943e+02
3.900000000000000000e+01 3.417435897435897374e+00 1.332800000000000011e+02
3.900000000000000000e+01 4.356666666666666465e+00 1.699099999999999966e+02
3.900000000000000000e+01 3.350256410256410966e+00 1.306600000000000250e+02
3.900000000000000000e+01 2.112051282051282008e+00 8.237000000000000455e+01
3.900000000000000000e+01 3.074871794871795405e+00 1.199200000000000159e+02
3.900000000000000000e+01 1.462051282051282097e+00 5.702000000000000313e+01
3.900000000000000000e+01 2.440769230769230802e+00 9.518999999999999773e+01
3.900000000000000000e+01 3.220256410256410184e+00 1.255900000000000034e+02
3.900000000000000000e+01 1.684871794871794615e+00 6.570999999999999375e+01
3.900000000000000000e+01 2.922307692307692495e+00 1.139699999999999989e+02
3.900000000000000000e+01 1.811282051282051331e+00 7.064000000000000057e+01
3.900000000000000000e+01 2.266666666666666607e+00 8.839999999999999147e+01
3.900000000000000000e+01 2.000512820512820422e+00 7.801999999999999602e+01
3.900000000000000000e+01 3.252051282051282577e+00 1.268300000000000125e+02
3.900000000000000000e+01 3.561538461538461764e+00 1.389000000000000057e+02
3.900000000000000000e+01 2.307948717948717920e+00 9.000999999999999091e+01
3.900000000000000000e+01 1.773846153846154072e+00 6.918000000000000682e+01
3.900000000000000000e+01 2.199999999999999734e+00 8.579999999999999716e+01
3.900000000000000000e+01 2.608461538461538165e+00 1.017299999999999898e+02
3.900000000000000000e+01 2.803589743589743222e+00 1.093399999999999892e+02
3.900000000000000000e+01 1.445384615384615490e+00 5.637000000000000455e+01
3.900000000000000000e+01 1.985128205128204870e+00 7.741999999999998749e+01
3.900000000000000000e+01 1.842307692307692424e+00 7.185000000000000853e+01
3.900000000000000000e+01 4.466666666666666785e+00 1.742000000000000171e+02
3.900000000000000000e+01 3.269743589743589585e+00 1.275199999999999960e+02
3.900000000000000000e+01 2.766923076923077041e+00 1.079100000000000108e+02
3.900000000000000000e+01 4.109230769230769909e+00 1.602600000000000193e+02
3.900000000000000000e+01 2.218717948717948918e+00 8.653000000000000114e+01
3.900000000000000000e+01 3.723846153846153584e+00 1.452299999999999898e+02
3.900000000000000000e+01 1.981794871794871904e+00 7.729000000000000625e+01
3.900000000000000000e+01 2.703589743589743577e+00 1.054399999999999977e+02
3.900000000000000000e+01 3.773846153846153406e+00 1.471799999999999784e+02
3.900000000000000000e+01 2.587179487179487314e+00 1.009000000000000057e+02
3.900000000000000000e+01 2.666153846153846541e+00 1.039800000000000182e+02
3.900000000000000000e+01 6.966666666666666563e-01 2.717000000000000171e+01
3.900000000000000000e+01 2.101282051282050922e+00 8.194999999999998863e+01
3.900000000000000000e+01 2.937179487179486959e+00 1.145499999999999972e+02
3.900000000000000000e+01 2.256410256410256387e+00 8.800000000000000000e+01
3.900000000000000000e+01 2.870512820512820973e+00 1.119500000000000171e+02
3.900000000000000000e+01 1.837692307692307736e+00 7.167000000000000171e+01
3.900000000000000000e+01 2.479487179487179116e+00 9.669999999999998863e+01
3.900000000000000000e+01 2.382564102564102448e+00 9.292000000000000171e+01
3.900000000000000000e+01 1.925384615384615916e+00 7.509000000000001762e+01
3.900000000000000000e+01 3.066666666666666430e+00 1.195999999999999943e+02
3.900000000000000000e+01 1.136666666666666714e+00 4.432999999999999829e+01
3.900000000000000000e+01 1.463589743589743808e+00 5.708000000000001251e+01
3.900000000000000000e+01 1.874358974358974195e-01 7.309999999999999609e+00
3.900000000000000000e+01 8.825641025641025594e-01 3.442000000000000171e+01
3.900000000000000000e+01 3.906666666666667176e+00 1.523600000000000136e+02
3.900000000000000000e+01 1.232564102564102537e+00 4.807000000000000028e+01
3.900000000000000000e+01 3.389230769230768825e+00 1.321799999999999784e+02
3.900000000000000000e+01 1.716923076923077218e+00 6.696000000000000796e+01
3.900000000000000000e+01 3.056410256410256654e+00 1.192000000000000028e+02
3.900000000000000000e+01 3.264871794871795352e+00 1.273300000000000267e+02
3.900000000000000000e+01 2.441794871794872090e+00 9.523000000000000398e+01
3.900000000000000000e+01 2.903589743589743755e+00 1.132400000000000091e+02
3.900000000000000000e+01 1.076666666666666661e+00 4.199000000000000199e+01
3.900000000000000000e+01 2.872051282051281795e+00 1.120099999999999909e+02
3.900000000000000000e+01 1.848461538461538600e+00 7.209000000000000341e+01
3.900000000000000000e+01 1.944102564102563990e+00 7.581999999999999318e+01
3.900000000000000000e+01 1.949230769230769544e+00 7.602000000000001023e+01
3.900000000000000000e+01 1.265384615384615330e+00 4.935000000000000142e+01
3.900000000000000000e+01 1.204871794871794854e+00 4.699000000000000199e+01
3.900000000000000000e+01 2.894871794871794468e-01 1.128999999999999915e+01
