2.400000000000000000e+01 0.000000000000000000e+00 0.000000000000000000e+00
4.880000000000000000e+02 1.989323770491803423e+00 9.707900000000000773e+02
5.150000000000000000e+02 1.583029126213592264e+00 8.152599999999999909e+02
5.360000000000000000e+02 1.601343283582089327e+00 8.583199999999999363e+02
5.550000000000000000e+02 1.613891891891891861e+00 8.957100000000000364e+02
5.550000000000000000e+02 1.428846846846846930e+00 7.930099999999999909e+02
5.550000000000000000e+02 1.043423423423423424e+00 5.791000000000000227e+02
5.550000000000000000e+02 1.019855855855855920e+00 5.660199999999999818e+02
5.550000000000000000e+02 5.174954954954955610e-01 2.872100000000000364e+02
5.550000000000000000e+02 4.196036036036036032e-01 2.328799999999999955e+02
5.550000000000000000e+02 5.232792792792791969e-01 2.904199999999999591e+02
5.550000000000000000e+02 9.327027027027026129e-01 5.176499999999999773e+02
5.550000000000000000e+02 5.477657657657657442e-01 3.040099999999999909e+02
5.550000000000000000e+02 7.927387387387387907e-01 4.399700000000000273e+02
5.590000000000000000e+02 6.333452593917709983e-01 3.540399999999999636e+02
5.610000000000000000e+02 6.895187165775400473e-01 3.868199999999999932e+02
5.730000000000000000e+02 7.236125654450261679e-01 4.146299999999999955e+02
5.840000000000000000e+02 2.070034246575342407e-01 1.208900000000000006e+02
5.840000000000000000e+02 1.558904109589041020e-01 9.103999999999999204e+01
5.820000000000000000e+02 2.014432989690721210e-01 1.172399999999999807e+02
5.840000000000000000e+02 6.383219178082192302e-01 3.727800000000000296e+02
5.850000000000000000e+02 2.846324786324785916e-01 1.665099999999999909e+02
5.840000000000000000e+02 3.310445205479451980e-01 1.933299999999999841e+02
5.810000000000000000e+02 1.169707401032702154e-01 6.795999999999999375e+01
5.820000000000000000e+02 6.661512027491409138e-02 3.877000000000000313e+01
5.790000000000000000e+02 1.623488773747841160e-02 9.400000000000000355e+00
5.770000000000000000e+02 1.771403812824956792e-01 1.022100000000000080e+02
5.810000000000000000e+02 2.599483648881238951e-01 1.510299999999999727e+02
5.830000000000000000e+02 2.176672384219554418e-02 1.269000000000000128e+01
5.840000000000000000e+02 1.435102739726027421e-01 8.381000000000000227e+01
5.850000000000000000e+02 8.141880341880342042e-02 4.763000000000000256e+01
5.850000000000000000e+02 5.230769230769231198e-02 3.060000000000000142e+01
5.830000000000000000e+02 2.467409948542023945e-01 1.438499999999999943e+02
5.830000000000000000e+02 1.012006861063464817e-02 5.900000000000000355e+00
5.810000000000000000e+02 8.067125645438899539e-02 4.687000000000000455e+01
5.780000000000000000e+02 3.025951557093425892e-02 1.749000000000000199e+01
5.810000000000000000e+02 3.033562822719449437e-01 1.762500000000000000e+02
5.820000000000000000e+02 4.450171821305841380e-02 2.589999999999999858e+01
5.820000000000000000e+02 1.407903780068728572e-01 8.193999999999999773e+01
5.840000000000000000e+02 6.667808219178081308e-02 3.893999999999999773e+01
5.820000000000000000e+02 8.730240549828179042e-02 5.081000000000000227e+01
5.830000000000000000e+02 5.174614065180103140e-01 3.016800000000000068e+02
5.800000000000000000e+02 2.335172413793103474e-01 1.354399999999999977e+02
5.790000000000000000e+02 2.199136442141623460e-01 1.273299999999999983e+02
5.820000000000000000e+02 3.969072164948453385e-02 2.309999999999999787e+01
5.840000000000000000e+02 6.090753424657534276e-02 3.557000000000000028e+01
5.800000000000000000e+02 1.333103448275862191e-01 7.732000000000000739e+01
5.810000000000000000e+02 1.143717728055077265e-01 6.644999999999998863e+01
5.810000000000000000e+02 1.029259896729776275e-01 5.980000000000000426e+01
5.770000000000000000e+02 5.034662045060658841e-02 2.905000000000000071e+01
5.770000000000000000e+02 5.409012131715770777e-02 3.120999999999999730e+01
5.790000000000000000e+02 1.931433506044904769e-01 1.118299999999999841e+02
5.780000000000000000e+02 6.889273356401384718e-02 3.982000000000000028e+01
5.780000000000000000e+02 1.850692041522491449e-01 1.069699999999999989e+02
5.820000000000000000e+02 1.683333333333333348e-01 9.796999999999999886e+01
5.830000000000000000e+02 3.526586620926243365e-02 2.055999999999999872e+01
5.780000000000000000e+02 9.406574394463668165e-02 5.437000000000000455e+01
5.800000000000000000e+02 4.984310344827586614e-01 2.890900000000000318e+02
5.800000000000000000e+02 3.548275862068965558e-02 2.058000000000000185e+01
5.800000000000000000e+02 1.976034482758620425e-01 1.146099999999999852e+02
5.790000000000000000e+02 4.088082901554404569e-02 2.367000000000000171e+01
5.810000000000000000e+02 1.546127366609294229e-01 8.982999999999999829e+01
5.870000000000000000e+02 7.759114139693356060e-01 4.554599999999999795e+02
5.870000000000000000e+02 1.007989778534923442e+00 5.916900000000000546e+02
5.850000000000000000e+02 1.157316239316239281e+00 6.770299999999999727e+02
5.850000000000000000e+02 4.858290598290597728e-01 2.842099999999999795e+02
5.860000000000000000e+02 4.914505119453925208e-01 2.879900000000000091e+02
5.860000000000000000e+02 7.098293515358362615e-01 4.159600000000000364e+02
5.850000000000000000e+02 6.727863247863247187e-01 3.935799999999999841e+02
5.840000000000000000e+02 9.719178082191779477e-01 5.675999999999999091e+02
5.850000000000000000e+02 4.780854700854699768e-01 2.796799999999999500e+02
5.830000000000000000e+02 2.415608919382503939e-01 1.408299999999999841e+02
5.810000000000000000e+02 8.564543889845095681e-02 4.976000000000000512e+01
5.800000000000000000e+02 2.605172413793103298e-02 1.510999999999999943e+01
5.790000000000000000e+02 6.018998272884283629e-02 3.485000000000000142e+01
5.790000000000000000e+02 8.516407599309154530e-02 4.931000000000000227e+01
5.780000000000000000e+02 4.961937716262975612e-02 2.867999999999999972e+01
5.820000000000000000e+02 1.940549828178693981e-01 1.129399999999999977e+02
5.860000000000000000e+02 6.365187713310579976e-02 3.729999999999999716e+01
5.830000000000000000e+02 7.495711835334477324e-03 4.370000000000000107e+00
5.850000000000000000e+02 2.511111111111111183e-02 1.469000000000000128e+01
5.800000000000000000e+02 2.781034482758620516e-02 1.612999999999999901e+01
5.780000000000000000e+02 1.326124567474048221e-01 7.664999999999999147e+01
5.830000000000000000e+02 1.071869639794168078e-01 6.248999999999999488e+01
5.840000000000000000e+02 3.445205479452055353e-01 2.012000000000000171e+02
5.860000000000000000e+02 1.903754266211604151e-01 1.115600000000000023e+02
5.860000000000000000e+02 3.439078498293515196e-01 2.015300000000000011e+02
5.870000000000000000e+02 1.295400340715502641e-01 7.604000000000000625e+01
5.870000000000000000e+02 1.032879045996592943e-01 6.063000000000000256e+01
5.850000000000000000e+02 1.377777777777777941e-02 8.060000000000000497e+00
5.780000000000000000e+02 7.540657439446367682e-01 4.358500000000000227e+02
5.820000000000000000e+02 2.016151202749141003e-01 1.173400000000000034e+02
5.850000000000000000e+02 6.634188034188034933e-02 3.881000000000000227e+01
5.860000000000000000e+02 5.271331058020477939e-02 3.089000000000000057e+01
5.850000000000000000e+02 3.246324786324786271e-01 1.899099999999999966e+02
5.850000000000000000e+02 1.297777777777777697e-01 7.592000000000000171e+01
5.860000000000000000e+02 4.470989761092149933e-02 2.619999999999999929e+01
5.860000000000000000e+02 1.000853242320819264e-01 5.865000000000000568e+01
5.860000000000000000e+02 1.053924914675768015e-01 6.176000000000000512e+01
5.890000000000000000e+02 1.159592529711375164e-01 6.829999999999999716e+01
