2.400000000000000000e+01 0.000000000000000000e+00 0.000000000000000000e+00
7.900000000000000000e+01 6.980000000000001315e+00 5.514200000000000728e+02
7.900000000000000000e+01 7.073037974683543005e+00 5.587699999999998681e+02
7.900000000000000000e+01 5.471265822784810773e+00 4.322300000000000750e+02
7.900000000000000000e+01 7.053164556962024712e+00 5.571999999999999318e+02
7.900000000000000000e+01 6.198354430379747093e+00 4.896700000000000159e+02
7.900000000000000000e+01 5.723670886075949760e+00 4.521700000000000159e+02
7.900000000000000000e+01 5.695443037974683875e+00 4.499399999999999977e+02
7.900000000000000000e+01 5.734556962025316729e+00 4.530300000000000296e+02
7.900000000000000000e+01 5.266329113924050453e+00 4.160400000000000205e+02
7.900000000000000000e+01 5.267341772151898915e+00 4.161200000000000045e+02
7.900000000000000000e+01 4.876582278481012445e+00 3.852500000000000000e+02
7.900000000000000000e+01 4.584810126582278045e+00 3.621999999999999886e+02
7.900000000000000000e+01 5.356202531645569920e+00 4.231400000000000432e+02
7.900000000000000000e+01 3.403670886075949031e+00 2.688899999999999864e+02
7.900000000000000000e+01 2.478860759493670685e+00 1.958299999999999841e+02
7.900000000000000000e+01 2.359873417721519040e+00 1.864300000000000068e+02
7.900000000000000000e+01 5.972151898734177067e-01 4.717999999999999972e+01
7.900000000000000000e+01 8.269620253164556845e-01 6.532999999999999829e+01
7.900000000000000000e+01 1.737341772151898667e+00 1.372500000000000000e+02
7.900000000000000000e+01 6.246835443037974667e-01 4.935000000000000142e+01
7.900000000000000000e+01 1.237215189873417831e+00 9.774000000000000909e+01
7.900000000000000000e+01 2.466202531645569351e+00 1.948299999999999841e+02
7.900000000000000000e+01 1.230506329113924213e+00 9.721000000000000796e+01
7.900000000000000000e+01 1.738101265822784791e+00 1.373100000000000023e+02
7.900000000000000000e+01 2.187974683544303911e+00 1.728500000000000227e+02
7.900000000000000000e+01 9.343037974683544578e-01 7.381000000000000227e+01
7.900000000000000000e+01 1.717721518987341600e+00 1.356999999999999886e+02
7.900000000000000000e+01 1.864683544303797458e+00 1.473100000000000023e+02
7.900000000000000000e+01 1.044177215189873387e+00 8.248999999999999488e+01
7.900000000000000000e+01 9.017721518987341645e-01 7.123999999999999488e+01
7.900000000000000000e+01 1.944430379746835191e+00 1.536099999999999852e+02
7.800000000000000000e+01 8.137179487179486692e-01 6.346999999999999886e+01
7.800000000000000000e+01 1.333846153846153904e+00 1.040400000000000063e+02
7.900000000000000000e+01 9.822784810126583555e-01 7.760000000000000853e+01
7.900000000000000000e+01 6.356962025316456044e-01 5.022000000000000597e+01
7.900000000000000000e+01 5.945569620253164933e-01 4.696999999999999886e+01
7.900000000000000000e+01 1.635696202531645493e+00 1.292199999999999989e+02
7.900000000000000000e+01 7.411392405063290667e-01 5.854999999999999716e+01
7.900000000000000000e+01 9.093670886075949644e-01 7.184000000000000341e+01
7.900000000000000000e+01 8.634177215189872134e-01 6.820999999999999375e+01
7.900000000000000000e+01 1.383544303797468455e-01 1.092999999999999972e+01
7.900000000000000000e+01 0.000000000000000000e+00 0.000000000000000000e+00
7.900000000000000000e+01 5.125316455696202755e-01 4.049000000000000199e+01
7.900000000000000000e+01 1.573544303797468569e+00 1.243100000000000165e+02
7.900000000000000000e+01 1.573417721518987289e+00 1.242999999999999972e+02
7.900000000000000000e+01 8.208860759493670223e-01 6.484999999999999432e+01
7.900000000000000000e+01 7.088607594936708889e-01 5.600000000000000000e+01
7.900000000000000000e+01 9.003797468354429734e-01 7.112999999999999545e+01
7.900000000000000000e+01 4.234177215189873777e-01 3.345000000000000284e+01
7.900000000000000000e+01 5.021518987341770934e-01 3.966999999999999460e+01
7.900000000000000000e+01 7.389873417721518623e-01 5.837999999999999545e+01
7.900000000000000000e+01 5.434177215189873733e-01 4.292999999999999972e+01
7.900000000000000000e+01 8.565822784810126489e-01 6.767000000000000171e+01
7.900000000000000000e+01 9.422784810126582089e-01 7.443999999999999773e+01
7.900000000000000000e+01 3.045569620253164578e-01 2.405999999999999872e+01
7.900000000000000000e+01 2.036329113924050471e+00 1.608699999999999761e+02
7.900000000000000000e+01 1.485822784810126640e+00 1.173800000000000097e+02
7.900000000000000000e+01 1.288101265822784836e+00 1.017600000000000051e+02
7.900000000000000000e+01 2.846962025316456035e+00 2.249100000000000250e+02
7.900000000000000000e+01 1.572531645569620329e+00 1.242300000000000040e+02
7.900000000000000000e+01 7.767088607594936356e-01 6.135999999999999943e+01
7.900000000000000000e+01 1.009746835443038115e+00 7.977000000000001023e+01
7.900000000000000000e+01 2.612658227848101422e-01 2.064000000000000057e+01
7.900000000000000000e+01 4.592405063291139511e-01 3.628000000000000114e+01
7.900000000000000000e+01 1.137341772151898578e+00 8.984999999999998010e+01
7.900000000000000000e+01 4.653164556962025022e-01 3.675999999999999801e+01
7.900000000000000000e+01 9.354430379746834223e-01 7.389999999999999147e+01
7.900000000000000000e+01 5.482278481012659022e-01 4.331000000000000938e+01
7.900000000000000000e+01 6.675949367088608311e-01 5.274000000000000199e+01
7.900000000000000000e+01 9.539240506329114133e-01 7.535999999999999943e+01
7.900000000000000000e+01 1.642531645569620169e+00 1.297599999999999909e+02
7.900000000000000000e+01 7.840506329113924311e-01 6.193999999999999773e+01
7.900000000000000000e+01 9.943037974683544000e-01 7.854999999999999716e+01
7.900000000000000000e+01 1.049620253164556871e+00 8.291999999999998749e+01
7.800000000000000000e+01 3.973076923076923062e-01 3.099000000000000199e+01
7.700000000000000000e+01 8.954545454545455030e-01 6.895000000000000284e+01
7.900000000000000000e+01 1.125949367088607600e+00 8.895000000000000284e+01
7.900000000000000000e+01 4.578481012658228155e-01 3.617000000000000171e+01
7.900000000000000000e+01 5.058227848101265467e-01 3.996000000000000085e+01
7.900000000000000000e+01 2.017848101265823146e+00 1.594100000000000250e+02
7.900000000000000000e+01 2.164683544303797280e+00 1.710099999999999909e+02
7.900000000000000000e+01 1.790506329113923822e+00 1.414499999999999886e+02
7.900000000000000000e+01 1.205569620253164720e+00 9.524000000000000909e+01
7.900000000000000000e+01 5.021518987341772045e-01 3.967000000000000171e+01
7.900000000000000000e+01 6.848101265822784667e-01 5.410000000000000142e+01
7.900000000000000000e+01 2.372151898734176978e+00 1.873999999999999773e+02
7.900000000000000000e+01 3.356455696202532035e+00 2.651600000000000250e+02
7.900000000000000000e+01 2.659240506329114240e+00 2.100800000000000125e+02
7.900000000000000000e+01 1.362911392405063093e+00 1.076699999999999875e+02
7.900000000000000000e+01 8.837974683544302934e-01 6.981999999999999318e+01
7.900000000000000000e+01 1.261012658227848249e+00 9.962000000000000455e+01
7.900000000000000000e+01 2.180632911392405227e+00 1.722700000000000102e+02
7.900000000000000000e+01 1.974430379746835218e+00 1.559799999999999898e+02
7.900000000000000000e+01 1.234810126582278400e+00 9.754999999999999716e+01
7.900000000000000000e+01 7.739240506329113645e-01 6.114000000000000057e+01
7.900000000000000000e+01 1.322531645569620107e+00 1.044799999999999898e+02
7.900000000000000000e+01 1.115949367088607591e+00 8.815999999999999659e+01
7.900000000000000000e+01 1.418354430379747066e+00 1.120500000000000114e+02
7.900000000000000000e+01 1.271139240506328871e+00 1.004199999999999875e+02
