1.400000000000000000e+01 0.000000000000000000e+00 0.000000000000000000e+00
1.900000000000000000e+01 2.998421052631579098e+00 5.697000000000000597e+01
1.900000000000000000e+01 6.207368421052632534e+00 1.179400000000000119e+02
1.900000000000000000e+01 8.380000000000000782e+00 1.592200000000000273e+02
1.900000000000000000e+01 6.656842105263157450e+00 1.264799999999999898e+02
1.900000000000000000e+01 1.004000000000000092e+01 1.907600000000000193e+02
1.900000000000000000e+01 4.337368421052631540e+00 8.240999999999999659e+01
1.900000000000000000e+01 3.224736842105263790e+00 6.127000000000001023e+01
1.900000000000000000e+01 6.230526315789473024e+00 1.183799999999999955e+02
1.900000000000000000e+01 3.605263157894736725e+00 6.850000000000000000e+01
1.900000000000000000e+01 4.891052631578947540e+00 9.293000000000000682e+01
1.900000000000000000e+01 7.032105263157895081e+00 1.336100000000000136e+02
1.900000000000000000e+01 3.442105263157894668e-01 6.540000000000000036e+00
1.900000000000000000e+01 5.029999999999999361e+00 9.556999999999999318e+01
1.900000000000000000e+01 3.431052631578947132e+00 6.518999999999999773e+01
1.900000000000000000e+01 3.397894736842105523e+00 6.456000000000000227e+01
1.900000000000000000e+01 3.443157894736842195e+00 6.542000000000000171e+01
1.900000000000000000e+01 1.544736842105263186e+00 2.935000000000000142e+01
1.900000000000000000e+01 2.932105263157894992e+00 5.571000000000000085e+01
1.900000000000000000e+01 6.284210526315789025e+00 1.193999999999999915e+02
1.900000000000000000e+01 2.567894736842105008e+00 4.878999999999999915e+01
1.900000000000000000e+01 6.642631578947367110e+00 1.262099999999999795e+02
1.900000000000000000e+01 4.751052631578946972e+00 9.026999999999999602e+01
1.900000000000000000e+01 2.972105263157894584e+00 5.646999999999999886e+01
1.900000000000000000e+01 3.044736842105263186e+00 5.785000000000000142e+01
1.900000000000000000e+01 2.680526315789473646e+00 5.092999999999999972e+01
1.900000000000000000e+01 5.082631578947368389e+00 9.657000000000000739e+01
1.900000000000000000e+01 7.164210526315789807e+00 1.361200000000000045e+02
1.900000000000000000e+01 1.757368421052631691e+00 3.339000000000000057e+01
1.900000000000000000e+01 3.538947368421052175e+00 6.723999999999999488e+01
1.900000000000000000e+01 4.742105263157895045e+00 9.010000000000000853e+01
1.900000000000000000e+01 2.618421052631578760e+00 4.975000000000000000e+01
1.900000000000000000e+01 4.763684210526315077e+00 9.050999999999999091e+01
1.900000000000000000e+01 1.341578947368421204e+00 2.549000000000000199e+01
1.900000000000000000e+01 3.534210526315789913e+00 6.715000000000000568e+01
1.900000000000000000e+01 4.665263157894736779e+00 8.864000000000000057e+01
1.900000000000000000e+01 4.184210526315789380e+00 7.950000000000000000e+01
1.900000000000000000e+01 8.758947368421052815e+00 1.664200000000000159e+02
1.900000000000000000e+01 7.796315789473683644e+00 1.481299999999999955e+02
1.900000000000000000e+01 2.654210526315789576e+00 5.042999999999999972e+01
1.900000000000000000e+01 5.525789473684210584e+00 1.049900000000000091e+02
1.900000000000000000e+01 1.530526315789473513e+00 2.907999999999999829e+01
1.900000000000000000e+01 7.742105263157894157e+00 1.470999999999999943e+02
1.900000000000000000e+01 9.516842105263156881e+00 1.808199999999999932e+02
1.900000000000000000e+01 1.291052631578947452e+00 2.453000000000000114e+01
1.900000000000000000e+01 5.045789473684211934e+00 9.587000000000001876e+01
1.900000000000000000e+01 6.804736842105262973e+00 1.292899999999999920e+02
1.900000000000000000e+01 5.614736842105262582e+00 1.066799999999999926e+02
1.900000000000000000e+01 7.040526315789472633e+00 1.337699999999999818e+02
1.900000000000000000e+01 1.707368421052631424e+00 3.243999999999999773e+01
1.900000000000000000e+01 4.294736842105263186e+00 8.160000000000000853e+01
1.900000000000000000e+01 7.295789473684211046e+00 1.386200000000000045e+02
1.900000000000000000e+01 3.735789473684210549e+00 7.098000000000000398e+01
1.900000000000000000e+01 7.575789473684210407e+00 1.439399999999999977e+02
1.900000000000000000e+01 9.075789473684210407e+00 1.724399999999999977e+02
1.900000000000000000e+01 2.195789473684210513e+00 4.171999999999999886e+01
1.900000000000000000e+01 7.009999999999999787e+00 1.331899999999999977e+02
1.900000000000000000e+01 6.153157894736841271e+00 1.169099999999999824e+02
1.900000000000000000e+01 5.844210526315788634e+00 1.110399999999999920e+02
1.900000000000000000e+01 8.759999999999999787e+00 1.664399999999999977e+02
1.900000000000000000e+01 1.368421052631578982e+00 2.600000000000000000e+01
1.900000000000000000e+01 5.603157894736841449e+00 1.064599999999999937e+02
1.900000000000000000e+01 7.711052631578948713e+00 1.465100000000000193e+02
1.900000000000000000e+01 6.808947368421052637e+00 1.293700000000000045e+02
1.900000000000000000e+01 4.949473684210526692e+00 9.404000000000000625e+01
1.900000000000000000e+01 1.764210526315789229e+00 3.351999999999999602e+01
1.900000000000000000e+01 2.785263157894736885e+00 5.292000000000000171e+01
1.900000000000000000e+01 6.168947368421052957e+00 1.172100000000000080e+02
1.900000000000000000e+01 6.845789473684209980e+00 1.300699999999999932e+02
1.900000000000000000e+01 9.762105263157893731e+00 1.854799999999999898e+02
1.900000000000000000e+01 9.561052631578947469e+00 1.816599999999999966e+02
1.900000000000000000e+01 3.284210526315789913e+00 6.240000000000000568e+01
1.900000000000000000e+01 6.876315789473684603e+00 1.306500000000000057e+02
1.900000000000000000e+01 3.355263157894736725e+00 6.375000000000000000e+01
1.900000000000000000e+01 4.837368421052631540e+00 9.190999999999999659e+01
1.900000000000000000e+01 8.938947368421050754e+00 1.698399999999999750e+02
1.900000000000000000e+01 1.126315789473684298e-01 2.140000000000000124e+00
1.900000000000000000e+01 6.191578947368419961e+00 1.176399999999999864e+02
1.900000000000000000e+01 6.220526315789474125e+00 1.181900000000000119e+02
1.900000000000000000e+01 4.527894736842105416e+00 8.603000000000000114e+01
1.900000000000000000e+01 6.862631578947367750e+00 1.303899999999999864e+02
1.900000000000000000e+01 2.291578947368420938e+00 4.353999999999999915e+01
1.900000000000000000e+01 1.947368421052631637e+00 3.700000000000000000e+01
1.900000000000000000e+01 5.320000000000000284e+00 1.010799999999999983e+02
1.900000000000000000e+01 3.558421052631578707e+00 6.760999999999999943e+01
1.900000000000000000e+01 5.988421052631578867e+00 1.137800000000000011e+02
1.900000000000000000e+01 7.406842105263155673e+00 1.407299999999999613e+02
1.900000000000000000e+01 2.236842105263157965e+00 4.250000000000000000e+01
1.900000000000000000e+01 4.311052631578947469e+00 8.190999999999999659e+01
1.900000000000000000e+01 3.095789473684210868e+00 5.882000000000000739e+01
1.900000000000000000e+01 2.208421052631579062e+00 4.196000000000000085e+01
1.900000000000000000e+01 7.711578947368421311e+00 1.465200000000000102e+02
1.900000000000000000e+01 1.421052631578947380e-02 2.700000000000000178e-01
1.900000000000000000e+01 4.944736842105262653e+00 9.394999999999998863e+01
1.900000000000000000e+01 3.518947368421052602e+00 6.685999999999999943e+01
1.900000000000000000e+01 7.326315789473684115e-01 1.391999999999999993e+01
1.900000000000000000e+01 6.903684210526316534e+00 1.311700000000000159e+02
1.900000000000000000e+01 3.175789473684210495e+00 6.033999999999999631e+01
1.900000000000000000e+01 1.386315789473684168e+00 2.633999999999999986e+01
1.900000000000000000e+01 6.166315789473683751e+00 1.171599999999999966e+02
