2.300000000000000000e+01 0.000000000000000000e+00 0.000000000000000000e+00
6.900000000000000000e+01 6.354927536231882890e+00 4.384899999999998954e+02
6.900000000000000000e+01 4.055362318840579405e+00 2.798199999999999932e+02
6.900000000000000000e+01 2.310289855072463538e+00 1.594099999999999966e+02
6.900000000000000000e+01 1.999420289855072141e+00 1.379599999999999795e+02
6.900000000000000000e+01 2.232318840579710084e+00 1.540300000000000011e+02
6.900000000000000000e+01 2.050289855072464196e+00 1.414700000000000273e+02
6.900000000000000000e+01 2.753188405797101446e+00 1.899699999999999989e+02
6.900000000000000000e+01 4.212608695652173552e+00 2.906699999999999591e+02
6.900000000000000000e+01 4.153768115942028771e+00 2.866100000000000136e+02
6.900000000000000000e+01 4.692318840579710049e+00 3.237699999999999818e+02
6.900000000000000000e+01 3.486086956521738500e+00 2.405399999999999636e+02
6.900000000000000000e+01 3.788115942028986272e+00 2.613800000000000523e+02
6.900000000000000000e+01 4.260869565217391575e+00 2.940000000000000000e+02
6.900000000000000000e+01 4.556811594202899940e+00 3.144200000000000728e+02
6.900000000000000000e+01 5.446086956521740241e+00 3.757800000000000864e+02
6.900000000000000000e+01 5.196666666666667211e+00 3.585700000000000500e+02
6.900000000000000000e+01 5.348260869565217845e+00 3.690300000000000296e+02
6.900000000000000000e+01 3.234057971014492328e+00 2.231499999999999773e+02
6.900000000000000000e+01 2.618840579710144834e+00 1.806999999999999886e+02
6.900000000000000000e+01 2.595072463768115956e+00 1.790600000000000023e+02
6.900000000000000000e+01 2.440869565217391290e+00 1.684199999999999875e+02
6.900000000000000000e+01 2.836231884057971442e+00 1.957000000000000171e+02
6.900000000000000000e+01 2.434492753623188399e+00 1.679799999999999898e+02
6.900000000000000000e+01 1.496376811594203105e+00 1.032500000000000142e+02
6.900000000000000000e+01 2.465217391304347583e+00 1.700999999999999943e+02
6.900000000000000000e+01 2.064057971014492843e+00 1.424200000000000159e+02
6.900000000000000000e+01 1.828405797101449126e+00 1.261599999999999824e+02
6.900000000000000000e+01 3.715217391304347139e+00 2.563499999999999659e+02
6.900000000000000000e+01 1.858115942028985668e+00 1.282100000000000080e+02
6.900000000000000000e+01 1.960144927536231929e+00 1.352500000000000000e+02
6.900000000000000000e+01 3.562173913043478635e+00 2.457900000000000205e+02
6.900000000000000000e+01 3.092028985507246031e+00 2.133499999999999659e+02
6.900000000000000000e+01 2.676956521739130235e+00 1.847099999999999795e+02
6.900000000000000000e+01 3.602463768115941711e+00 2.485699999999999648e+02
6.900000000000000000e+01 2.539420289855072621e+00 1.752199999999999989e+02
6.900000000000000000e+01 1.173913043478260976e+00 8.100000000000000000e+01
6.900000000000000000e+01 1.052898550724637561e+00 7.264999999999999147e+01
6.900000000000000000e+01 9.386956521739129311e-01 6.476999999999999602e+01
6.900000000000000000e+01 1.318115942028985632e+00 9.095000000000000284e+01
6.900000000000000000e+01 8.063768115942028247e-01 5.563999999999999346e+01
6.900000000000000000e+01 8.469565217391303857e-01 5.843999999999999773e+01
6.900000000000000000e+01 1.081739130434782536e+00 7.464000000000000057e+01
6.900000000000000000e+01 1.543478260869565188e+00 1.065000000000000000e+02
6.900000000000000000e+01 1.755362318840579583e+00 1.211199999999999903e+02
6.900000000000000000e+01 1.193188405797101392e+00 8.232999999999999829e+01
6.900000000000000000e+01 1.368115942028985454e+00 9.439999999999999147e+01
6.900000000000000000e+01 1.224637681159420399e+00 8.450000000000000000e+01
6.900000000000000000e+01 1.311739130434782519e+00 9.050999999999999091e+01
6.900000000000000000e+01 1.249710144927536293e+00 8.623000000000000398e+01
6.900000000000000000e+01 1.514637681159420435e+00 1.045100000000000051e+02
6.900000000000000000e+01 4.876811594202898337e-01 3.364999999999999858e+01
6.900000000000000000e+01 4.223188405797101419e-01 2.914000000000000057e+01
6.900000000000000000e+01 6.075362318840580311e-01 4.192000000000000171e+01
6.900000000000000000e+01 0.000000000000000000e+00 0.000000000000000000e+00
6.900000000000000000e+01 1.901449275362319113e-01 1.312000000000000099e+01
6.900000000000000000e+01 3.413043478260869845e-01 2.355000000000000071e+01
6.900000000000000000e+01 3.808695652173913482e-01 2.628000000000000114e+01
6.900000000000000000e+01 5.797101449275362172e-04 4.000000000000000083e-02
6.900000000000000000e+01 8.175362318840579956e-01 5.641000000000000369e+01
6.900000000000000000e+01 7.020289855072463503e-01 4.843999999999999773e+01
6.900000000000000000e+01 8.049275362318840665e-01 5.553999999999999915e+01
6.900000000000000000e+01 2.695942028985506944e+00 1.860199999999999818e+02
6.900000000000000000e+01 2.598695652173913295e+00 1.793100000000000023e+02
6.900000000000000000e+01 1.643913043478260949e+00 1.134300000000000068e+02
6.900000000000000000e+01 1.638115942028985472e+00 1.130300000000000011e+02
6.900000000000000000e+01 2.201159420289855007e+00 1.518799999999999955e+02
6.900000000000000000e+01 1.632608695652173703e+00 1.126499999999999915e+02
6.900000000000000000e+01 3.663478260869565073e+00 2.527800000000000011e+02
6.900000000000000000e+01 4.151884057971014563e+00 2.864800000000000182e+02
6.900000000000000000e+01 2.706521739130434590e+00 1.867500000000000000e+02
6.900000000000000000e+01 1.248260869565217535e+00 8.613000000000000966e+01
6.900000000000000000e+01 1.111594202898550821e+00 7.670000000000000284e+01
6.900000000000000000e+01 1.149275362318840532e+00 7.929999999999999716e+01
6.900000000000000000e+01 4.626086956521738847e-01 3.191999999999999815e+01
6.800000000000000000e+01 1.705147058823529349e+00 1.159500000000000028e+02
6.900000000000000000e+01 1.136086956521739078e+00 7.839000000000000057e+01
6.900000000000000000e+01 7.660869565217389709e-01 5.285999999999999233e+01
6.900000000000000000e+01 7.982608695652173569e-01 5.507999999999999829e+01
6.900000000000000000e+01 6.718840579710144700e-01 4.635999999999999943e+01
6.900000000000000000e+01 1.228840579710144931e+00 8.479000000000000625e+01
6.900000000000000000e+01 6.342028985507247585e-01 4.376000000000000512e+01
6.900000000000000000e+01 7.442028985507247452e-01 5.135000000000000853e+01
6.900000000000000000e+01 8.272463768115941862e-01 5.707999999999999829e+01
6.900000000000000000e+01 2.557971014492753881e+00 1.765000000000000284e+02
6.900000000000000000e+01 2.023623188405796913e+00 1.396299999999999955e+02
6.900000000000000000e+01 1.771304347826087033e+00 1.222199999999999989e+02
6.900000000000000000e+01 9.542028985507247096e-01 6.584000000000000341e+01
6.800000000000000000e+01 7.986764705882353210e-01 5.431000000000000227e+01
6.900000000000000000e+01 2.230579710144927841e+00 1.539100000000000250e+02
6.900000000000000000e+01 1.977826086956521623e+00 1.364699999999999989e+02
6.900000000000000000e+01 2.236521739130434838e+00 1.543199999999999932e+02
6.900000000000000000e+01 1.758115942028985579e+00 1.213100000000000023e+02
6.900000000000000000e+01 1.998550724637681242e+00 1.379000000000000057e+02
6.900000000000000000e+01 1.572318840579710386e+00 1.084900000000000091e+02
6.900000000000000000e+01 1.759565217391304559e+00 1.214100000000000108e+02
6.900000000000000000e+01 1.139130434782608559e+00 7.859999999999999432e+01
6.900000000000000000e+01 9.956521739130435034e-01 6.870000000000000284e+01
6.900000000000000000e+01 1.753768115942028860e+00 1.210099999999999909e+02
6.900000000000000000e+01 6.001449275362319424e-01 4.141000000000000369e+01
