2.300000000000000000e+01 0.000000000000000000e+00 0.000000000000000000e+00
6.900000000000000000e+01 8.147536231884059177e+00 5.621800000000000637e+02
6.900000000000000000e+01 7.036086956521739211e+00 4.854900000000000091e+02
6.900000000000000000e+01 5.330579710144927930e+00 3.678100000000000023e+02
6.900000000000000000e+01 7.112898550724637836e+00 4.907900000000000205e+02
6.900000000000000000e+01 6.404202898550725109e+00 4.418900000000000432e+02
6.900000000000000000e+01 5.200724637681159557e+00 3.588500000000000227e+02
6.900000000000000000e+01 4.259275362318841296e+00 2.938900000000000432e+02
6.900000000000000000e+01 4.779275362318839981e+00 3.297699999999999818e+02
6.900000000000000000e+01 4.354347826086955919e+00 3.004499999999999886e+02
6.900000000000000000e+01 5.332463768115942138e+00 3.679399999999999977e+02
6.900000000000000000e+01 4.079130434782609171e+00 2.814600000000000364e+02
6.900000000000000000e+01 3.656666666666667176e+00 2.523100000000000307e+02
6.900000000000000000e+01 4.990869565217392001e+00 3.443700000000000614e+02
6.900000000000000000e+01 3.701739130434782865e+00 2.554200000000000159e+02
6.900000000000000000e+01 4.373043478260870032e+00 3.017400000000000091e+02
6.900000000000000000e+01 4.965942028985507406e+00 3.426500000000000341e+02
6.900000000000000000e+01 3.163188405797101144e+00 2.182599999999999909e+02
6.900000000000000000e+01 3.702463768115941800e+00 2.554699999999999989e+02
6.900000000000000000e+01 4.762463768115941853e+00 3.286100000000000136e+02
6.900000000000000000e+01 1.891594202898550403e+00 1.305199999999999818e+02
6.900000000000000000e+01 3.385507246376811885e+00 2.336000000000000227e+02
6.900000000000000000e+01 3.211594202898551575e+00 2.216000000000000512e+02
6.900000000000000000e+01 2.025362318840579601e+00 1.397500000000000000e+02
6.900000000000000000e+01 1.813043478260869534e+00 1.250999999999999943e+02
6.900000000000000000e+01 1.672028985507246546e+00 1.153700000000000045e+02
6.900000000000000000e+01 4.868115942028984899e-01 3.358999999999999631e+01
6.900000000000000000e+01 1.290869565217391157e+00 8.906999999999999318e+01
6.900000000000000000e+01 1.240434782608695441e+00 8.558999999999998920e+01
6.900000000000000000e+01 1.852173913043478060e-01 1.277999999999999936e+01
6.900000000000000000e+01 8.714492753623188648e-01 6.013000000000000256e+01
6.900000000000000000e+01 8.871014492753622749e-01 6.120999999999999375e+01
6.900000000000000000e+01 4.437681159420289734e-01 3.062000000000000099e+01
6.900000000000000000e+01 1.468405797101449251e+00 1.013199999999999932e+02
6.900000000000000000e+01 1.937246376811594395e+00 1.336700000000000159e+02
6.900000000000000000e+01 1.754637681159420426e+00 1.210700000000000074e+02
6.900000000000000000e+01 2.823768115942029144e+00 1.948400000000000034e+02
6.900000000000000000e+01 1.807826086956521694e+00 1.247399999999999949e+02
6.900000000000000000e+01 1.006086956521739184e+00 6.942000000000000171e+01
6.900000000000000000e+01 1.139565217391304230e+00 7.862999999999999545e+01
6.900000000000000000e+01 9.068115942028984744e-01 6.256999999999999318e+01
6.800000000000000000e+01 1.425147058823529322e+00 9.690999999999999659e+01
6.900000000000000000e+01 1.400579710144927770e+00 9.664000000000001478e+01
6.900000000000000000e+01 1.602898550724637383e-01 1.105999999999999872e+01
6.800000000000000000e+01 6.777941176470588802e-01 4.609000000000000341e+01
6.800000000000000000e+01 1.004117647058823559e+00 6.828000000000000114e+01
6.900000000000000000e+01 1.089130434782608736e+00 7.515000000000000568e+01
6.900000000000000000e+01 3.214782608695652133e+00 2.218199999999999932e+02
6.900000000000000000e+01 2.594202898550724612e+00 1.790000000000000000e+02
6.900000000000000000e+01 1.874347826086956381e+00 1.293299999999999841e+02
6.900000000000000000e+01 1.361014492753623184e+00 9.390999999999999659e+01
6.900000000000000000e+01 1.104492753623188328e+00 7.620999999999999375e+01
6.900000000000000000e+01 9.521739130434783149e-01 6.570000000000000284e+01
6.900000000000000000e+01 1.842318840579710182e+00 1.271200000000000045e+02
6.900000000000000000e+01 1.480724637681159361e+00 1.021700000000000017e+02
6.900000000000000000e+01 1.135507246376811441e+00 7.834999999999999432e+01
6.900000000000000000e+01 2.128840579710145064e+00 1.468900000000000148e+02
6.900000000000000000e+01 1.654782608695652302e+00 1.141800000000000068e+02
6.900000000000000000e+01 1.623913043478260931e+00 1.120499999999999972e+02
6.900000000000000000e+01 1.944637681159420373e+00 1.341800000000000068e+02
6.900000000000000000e+01 1.354927536231884222e+00 9.349000000000000909e+01
6.900000000000000000e+01 9.131884057971013657e-01 6.300999999999999091e+01
6.900000000000000000e+01 1.378840579710144620e+00 9.513999999999998636e+01
6.900000000000000000e+01 8.517391304347825542e-01 5.876999999999999602e+01
6.900000000000000000e+01 1.045072463768115911e+00 7.210999999999999943e+01
6.900000000000000000e+01 3.130434782608695343e+00 2.159999999999999716e+02
6.900000000000000000e+01 8.452173913043478093e-01 5.832000000000000028e+01
6.900000000000000000e+01 1.091014492753623166e+00 7.528000000000000114e+01
6.900000000000000000e+01 1.683768115942029020e+00 1.161800000000000068e+02
6.900000000000000000e+01 8.075362318840579867e-01 5.571999999999999886e+01
6.900000000000000000e+01 1.960869565217391586e-01 1.353000000000000114e+01
6.900000000000000000e+01 9.872463768115942173e-01 6.812000000000000455e+01
6.900000000000000000e+01 5.520289855072464391e-01 3.809000000000000341e+01
6.900000000000000000e+01 1.739130434782608647e-01 1.200000000000000000e+01
6.900000000000000000e+01 2.225217391304347814e+00 1.535399999999999920e+02
6.900000000000000000e+01 1.426231884057970856e+00 9.840999999999999659e+01
6.900000000000000000e+01 2.399999999999999911e+00 1.655999999999999943e+02
6.900000000000000000e+01 1.938695652173912709e+00 1.337699999999999818e+02
6.900000000000000000e+01 1.159710144927536213e+00 8.001999999999999602e+01
6.900000000000000000e+01 1.245362318840579796e+00 8.593000000000000682e+01
6.900000000000000000e+01 2.935507246376811707e+00 2.025500000000000114e+02
6.900000000000000000e+01 1.765362318840579814e+00 1.218100000000000023e+02
6.900000000000000000e+01 2.008550724637681029e+00 1.385900000000000034e+02
6.900000000000000000e+01 1.847391304347826058e+00 1.274699999999999989e+02
6.900000000000000000e+01 2.435797101449275193e+00 1.680699999999999932e+02
6.900000000000000000e+01 2.141449275362319327e+00 1.477600000000000193e+02
6.900000000000000000e+01 1.394927536231884035e+00 9.625000000000000000e+01
6.900000000000000000e+01 1.587101449275362119e+00 1.095099999999999909e+02
6.900000000000000000e+01 1.984347826086956257e+00 1.369199999999999875e+02
6.900000000000000000e+01 1.291594202898550758e+00 8.912000000000000455e+01
6.900000000000000000e+01 7.128985507246377029e-01 4.919000000000000483e+01
6.900000000000000000e+01 7.201449275362318270e-01 4.968999999999999773e+01
6.900000000000000000e+01 1.518115942028985588e+00 1.047500000000000000e+02
6.900000000000000000e+01 2.694347826086956665e+00 1.859099999999999966e+02
6.900000000000000000e+01 2.356376811594202980e+00 1.625900000000000034e+02
6.900000000000000000e+01 1.481594202898550927e+00 1.022300000000000182e+02
6.900000000000000000e+01 1.906811594202898474e+00 1.315699999999999932e+02
6.900000000000000000e+01 2.061739130434782297e+00 1.422599999999999909e+02
6.900000000000000000e+01 1.899565217391304239e+00 1.310699999999999932e+02
6.900000000000000000e+01 2.356811594202898430e+00 1.626200000000000045e+02
