1.800000000000000000e+01 0.000000000000000000e+00 0.000000000000000000e+00
2.900000000000000000e+01 1.061379310344827509e+01 3.077999999999999545e+02
2.900000000000000000e+01 6.491724137931033312e+00 1.882599999999999625e+02
2.900000000000000000e+01 1.727586206896551513e+00 5.009999999999999432e+01
2.900000000000000000e+01 2.461034482758620801e+00 7.137000000000000455e+01
2.900000000000000000e+01 3.051379310344827456e+00 8.848999999999999488e+01
2.900000000000000000e+01 2.606551724137931014e+00 7.559000000000000341e+01
2.900000000000000000e+01 3.843103448275862810e+00 1.114500000000000171e+02
2.900000000000000000e+01 1.593448275862068941e+00 4.621000000000000085e+01
2.900000000000000000e+01 5.518275862068965587e+00 1.600300000000000011e+02
2.900000000000000000e+01 3.654482758620689609e+00 1.059800000000000040e+02
2.900000000000000000e+01 4.118275862068966120e+00 1.194300000000000068e+02
2.900000000000000000e+01 3.073448275862068702e+00 8.912999999999999545e+01
2.900000000000000000e+01 3.042068965517241264e+00 8.821999999999999886e+01
2.900000000000000000e+01 2.943448275862068808e+00 8.535999999999999943e+01
2.900000000000000000e+01 3.536206896551723933e+00 1.025499999999999972e+02
2.900000000000000000e+01 4.242068965517240997e+00 1.230199999999999960e+02
2.900000000000000000e+01 3.545517241379310569e+00 1.028200000000000074e+02
2.900000000000000000e+01 3.952068965517241406e+00 1.146099999999999994e+02
2.900000000000000000e+01 2.155862068965517242e+00 6.251999999999999602e+01
2.900000000000000000e+01 2.994827586206896264e+00 8.684999999999999432e+01
2.900000000000000000e+01 2.790689655172414074e+00 8.093000000000000682e+01
2.900000000000000000e+01 2.652068965517241139e+00 7.690999999999999659e+01
2.900000000000000000e+01 2.954482758620689875e+00 8.568000000000000682e+01
2.900000000000000000e+01 3.173448275862068346e+00 9.202999999999998693e+01
2.900000000000000000e+01 3.167586206896551904e+00 9.185999999999999943e+01
2.900000000000000000e+01 2.841034482758620250e+00 8.238999999999998636e+01
2.900000000000000000e+01 4.020689655172414056e+00 1.166000000000000085e+02
2.900000000000000000e+01 3.017931034482758790e+00 8.752000000000001023e+01
2.900000000000000000e+01 2.747931034482758328e+00 7.968999999999999773e+01
2.900000000000000000e+01 2.820689655172413879e+00 8.179999999999999716e+01
2.900000000000000000e+01 3.358620689655172242e+00 9.739999999999999147e+01
2.900000000000000000e+01 4.735862068965517757e+00 1.373400000000000034e+02
2.900000000000000000e+01 4.462068965517241637e+00 1.294000000000000057e+02
2.900000000000000000e+01 4.346896551724137581e+00 1.260599999999999881e+02
2.900000000000000000e+01 5.194827586206895553e+00 1.506499999999999773e+02
2.900000000000000000e+01 3.802758620689655089e+00 1.102800000000000011e+02
2.900000000000000000e+01 1.884827586206896610e+00 5.466000000000000369e+01
2.900000000000000000e+01 2.374827586206896601e+00 6.887000000000000455e+01
2.900000000000000000e+01 1.090344827586206877e+00 3.161999999999999744e+01
2.900000000000000000e+01 1.652758620689655178e+00 4.792999999999999972e+01
2.900000000000000000e+01 3.320689655172413546e-01 9.629999999999999005e+00
2.900000000000000000e+01 2.407931034482758470e+00 6.982999999999999829e+01
2.900000000000000000e+01 2.126206896551724235e+00 6.165999999999999659e+01
2.900000000000000000e+01 2.172413793103448398e+00 6.300000000000000711e+01
2.900000000000000000e+01 2.043448275862068897e+00 5.925999999999999801e+01
2.900000000000000000e+01 3.381034482758621174e+00 9.805000000000001137e+01
2.900000000000000000e+01 2.224482758620689449e+00 6.450999999999999091e+01
2.900000000000000000e+01 3.035862068965517135e+00 8.803999999999999204e+01
2.900000000000000000e+01 3.720689655172413346e+00 1.078999999999999915e+02
2.900000000000000000e+01 3.222413793103447777e+00 9.344999999999998863e+01
2.900000000000000000e+01 2.514482758620689040e+00 7.291999999999998749e+01
2.900000000000000000e+01 2.155517241379310445e+00 6.251000000000000512e+01
2.900000000000000000e+01 2.066551724137931423e+00 5.993000000000000682e+01
2.900000000000000000e+01 1.275862068965517349e+00 3.700000000000000000e+01
2.900000000000000000e+01 1.083103448275862135e+00 3.141000000000000014e+01
2.900000000000000000e+01 1.647241379310344644e+00 4.776999999999999602e+01
2.900000000000000000e+01 2.682068965517241388e+00 7.778000000000000114e+01
2.900000000000000000e+01 1.745172413793103505e+00 5.060999999999999943e+01
2.900000000000000000e+01 2.903448275862069661e+00 8.420000000000001705e+01
2.900000000000000000e+01 2.935862068965517935e+00 8.514000000000001478e+01
2.900000000000000000e+01 2.651379310344827545e+00 7.689000000000000057e+01
2.900000000000000000e+01 2.106551724137931014e+00 6.109000000000000341e+01
2.900000000000000000e+01 2.345517241379310835e+00 6.802000000000001023e+01
2.900000000000000000e+01 1.375517241379310196e+00 3.988999999999999346e+01
2.900000000000000000e+01 1.587241379310344813e+00 4.603000000000000114e+01
2.900000000000000000e+01 3.441724137931034377e+00 9.981000000000000227e+01
2.900000000000000000e+01 2.966551724137930890e+00 8.603000000000000114e+01
2.900000000000000000e+01 3.413103448275862650e+00 9.898000000000001819e+01
2.900000000000000000e+01 3.213103448275862473e+00 9.318000000000000682e+01
2.900000000000000000e+01 2.383103448275862402e+00 6.911000000000001364e+01
2.900000000000000000e+01 1.566206896551724181e+00 4.542000000000000171e+01
2.900000000000000000e+01 6.444827586206895997e-01 1.868999999999999773e+01
2.900000000000000000e+01 3.944827586206896552e-01 1.143999999999999950e+01
2.900000000000000000e+01 1.078275862068965418e+00 3.126999999999999957e+01
2.900000000000000000e+01 1.501724137931034431e+00 4.354999999999999716e+01
2.900000000000000000e+01 1.593103448275862144e+00 4.620000000000000284e+01
2.900000000000000000e+01 1.398275862068965480e+00 4.054999999999999716e+01
2.900000000000000000e+01 3.029655172413793007e+00 8.785999999999999943e+01
2.900000000000000000e+01 1.256206896551724128e+00 3.642999999999999972e+01
2.900000000000000000e+01 2.199310344827586139e+00 6.378000000000000114e+01
2.900000000000000000e+01 1.268620689655172606e+00 3.679000000000000625e+01
2.900000000000000000e+01 2.861379310344827065e+00 8.297999999999998977e+01
2.900000000000000000e+01 3.719310344827586601e+00 1.078600000000000136e+02
2.900000000000000000e+01 3.836896551724137350e+00 1.112699999999999818e+02
2.900000000000000000e+01 3.676206896551723613e+00 1.066099999999999852e+02
2.900000000000000000e+01 3.522758620689655729e+00 1.021600000000000108e+02
2.900000000000000000e+01 2.344827586206896353e+00 6.800000000000000000e+01
2.900000000000000000e+01 2.451034482758621014e+00 7.108000000000001251e+01
2.900000000000000000e+01 2.751379310344827633e+00 7.979000000000000625e+01
2.900000000000000000e+01 3.996551724137930695e+00 1.158999999999999915e+02
2.900000000000000000e+01 2.964827586206897347e+00 8.598000000000001819e+01
2.900000000000000000e+01 1.746896551724138158e+00 5.066000000000000369e+01
2.900000000000000000e+01 3.238275862068965338e+00 9.390999999999999659e+01
2.900000000000000000e+01 2.609655172413792634e+00 7.567999999999999261e+01
2.900000000000000000e+01 4.482413793103448008e+00 1.299899999999999807e+02
2.900000000000000000e+01 5.005862068965516443e+00 1.451699999999999875e+02
2.900000000000000000e+01 4.851379310344827722e+00 1.406899999999999977e+02
2.900000000000000000e+01 3.421724137931034804e+00 9.923000000000000398e+01
2.900000000000000000e+01 3.082758620689654894e+00 8.939999999999999147e+01
