2.400000000000000000e+01 0.000000000000000000e+00 0.000000000000000000e+00
7.900000000000000000e+01 6.214683544303797547e+00 4.909599999999999795e+02
7.900000000000000000e+01 3.800759493670886613e+00 3.002600000000000477e+02
7.900000000000000000e+01 2.073291139240506009e+00 1.637899999999999920e+02
7.900000000000000000e+01 2.192784810126582329e+00 1.732300000000000182e+02
7.900000000000000000e+01 2.337974683544303822e+00 1.846999999999999886e+02
7.900000000000000000e+01 2.633291139240506507e+00 2.080300000000000296e+02
7.900000000000000000e+01 3.918227848101266009e+00 3.095400000000000205e+02
7.900000000000000000e+01 4.047468354430378668e+00 3.197499999999999432e+02
7.900000000000000000e+01 3.520632911392404196e+00 2.781299999999999386e+02
7.900000000000000000e+01 4.155063291139240889e+00 3.282500000000000000e+02
7.900000000000000000e+01 3.869999999999999662e+00 3.057299999999999613e+02
7.900000000000000000e+01 5.030886075949367431e+00 3.974399999999999977e+02
7.900000000000000000e+01 4.125696202531645262e+00 3.259300000000000068e+02
7.900000000000000000e+01 5.200379746835443129e+00 4.108300000000000409e+02
7.900000000000000000e+01 4.574810126582279146e+00 3.614100000000000250e+02
7.900000000000000000e+01 5.680632911392405227e+00 4.487699999999999818e+02
7.900000000000000000e+01 5.090632911392404480e+00 4.021599999999999682e+02
7.900000000000000000e+01 3.698607594936708320e+00 2.921899999999999409e+02
7.900000000000000000e+01 3.945949367088607662e+00 3.117300000000000182e+02
7.900000000000000000e+01 4.132658227848103216e+00 3.264800000000001319e+02
7.900000000000000000e+01 3.224810126582278613e+00 2.547600000000000193e+02
7.900000000000000000e+01 3.382784810126582276e+00 2.672400000000000091e+02
7.900000000000000000e+01 3.402531645569620178e+00 2.688000000000000114e+02
7.900000000000000000e+01 2.007468354430379520e+00 1.585899999999999750e+02
7.900000000000000000e+01 2.807594936708860622e+00 2.217999999999999829e+02
7.900000000000000000e+01 2.692278481012657654e+00 2.126899999999999693e+02
7.900000000000000000e+01 2.762658227848101333e+00 2.182500000000000000e+02
7.900000000000000000e+01 3.766075949367089226e+00 2.975200000000000387e+02
7.900000000000000000e+01 2.581645569620253156e+00 2.039499999999999886e+02
7.900000000000000000e+01 2.273417721518987467e+00 1.795999999999999943e+02
7.900000000000000000e+01 2.438734177215189813e+00 1.926599999999999966e+02
7.900000000000000000e+01 2.960126582278481244e+00 2.338500000000000227e+02
7.900000000000000000e+01 1.871645569620253413e+00 1.478600000000000136e+02
7.900000000000000000e+01 2.303291139240506435e+00 1.819600000000000080e+02
7.900000000000000000e+01 2.017848101265823146e+00 1.594100000000000250e+02
7.900000000000000000e+01 8.078481012658227378e-01 6.382000000000000028e+01
7.900000000000000000e+01 5.386075949367088445e-01 4.254999999999999716e+01
7.900000000000000000e+01 3.254430379746835467e-01 2.571000000000000085e+01
7.900000000000000000e+01 3.370886075949366956e-01 2.662999999999999901e+01
7.900000000000000000e+01 7.554430379746835955e-01 5.967999999999999972e+01
7.800000000000000000e+01 3.216666666666667118e-01 2.509000000000000341e+01
7.800000000000000000e+01 4.283333333333333992e-01 3.341000000000000369e+01
7.900000000000000000e+01 1.256455696202531724e+00 9.926000000000000512e+01
7.900000000000000000e+01 1.081265822784810204e+00 8.542000000000000171e+01
7.900000000000000000e+01 8.144303797468355199e-01 6.434000000000000341e+01
7.900000000000000000e+01 6.083544303797469022e-01 4.806000000000000227e+01
7.900000000000000000e+01 6.349367088607594800e-01 5.015999999999999659e+01
7.900000000000000000e+01 8.511392405063292754e-01 6.724000000000000909e+01
7.900000000000000000e+01 9.005063291139240311e-01 7.114000000000000057e+01
7.900000000000000000e+01 1.147341772151898587e+00 9.063999999999998636e+01
7.900000000000000000e+01 1.069493670886075831e+00 8.448999999999999488e+01
7.900000000000000000e+01 1.031518987341772275e+00 8.149000000000000909e+01
7.900000000000000000e+01 1.374936708860759582e+00 1.086200000000000045e+02
7.900000000000000000e+01 8.330379746835443466e-01 6.581000000000000227e+01
7.900000000000000000e+01 4.207594936708859978e-01 3.323999999999999488e+01
7.900000000000000000e+01 8.089873417721518134e-01 6.390999999999999659e+01
7.900000000000000000e+01 9.972151898734177289e-01 7.878000000000000114e+01
7.900000000000000000e+01 1.106329113924050755e+00 8.740000000000000568e+01
7.900000000000000000e+01 2.465822784810125956e+00 1.947999999999999545e+02
7.900000000000000000e+01 2.392278481012657831e+00 1.889899999999999807e+02
7.900000000000000000e+01 1.343544303797468364e+00 1.061400000000000006e+02
7.900000000000000000e+01 2.016075949367089226e+00 1.592700000000000387e+02
7.900000000000000000e+01 1.930253164556962053e+00 1.524900000000000091e+02
7.900000000000000000e+01 9.562025316455696755e-01 7.554000000000000625e+01
7.900000000000000000e+01 1.370759493670886231e+00 1.082900000000000063e+02
7.900000000000000000e+01 1.609113924050632916e+00 1.271200000000000045e+02
7.900000000000000000e+01 1.666202531645569529e+00 1.316299999999999955e+02
7.900000000000000000e+01 2.117088607594936889e+00 1.672500000000000000e+02
7.900000000000000000e+01 1.493164556962025324e+00 1.179600000000000080e+02
7.900000000000000000e+01 8.455696202531645111e-01 6.679999999999999716e+01
7.900000000000000000e+01 9.167088607594935379e-01 7.241999999999998749e+01
7.900000000000000000e+01 3.288607594936708844e-01 2.598000000000000043e+01
7.900000000000000000e+01 3.797468354430380000e-01 3.000000000000000000e+01
7.900000000000000000e+01 8.363291139240505156e-01 6.606999999999999318e+01
7.900000000000000000e+01 5.579746835443037956e-01 4.407999999999999829e+01
7.900000000000000000e+01 7.010126582278480845e-01 5.538000000000000256e+01
7.900000000000000000e+01 1.246455696202531493e+00 9.846999999999998465e+01
7.900000000000000000e+01 1.766202531645569618e+00 1.395300000000000011e+02
7.900000000000000000e+01 8.710126582278481244e-01 6.881000000000000227e+01
7.900000000000000000e+01 1.799746835443037707e+00 1.421799999999999784e+02
7.800000000000000000e+01 8.257692307692306999e-01 6.440999999999999659e+01
7.800000000000000000e+01 9.711538461538461453e-01 7.575000000000000000e+01
7.900000000000000000e+01 1.737974683544303955e+00 1.373000000000000114e+02
7.900000000000000000e+01 2.456962025316455467e+00 1.940999999999999943e+02
7.900000000000000000e+01 1.632531645569620160e+00 1.289699999999999989e+02
7.900000000000000000e+01 1.588734177215189947e+00 1.255100000000000051e+02
7.900000000000000000e+01 1.334177215189873422e+00 1.054000000000000057e+02
7.900000000000000000e+01 6.194936708860758756e-01 4.893999999999999773e+01
7.900000000000000000e+01 2.072531645569620107e+00 1.637299999999999898e+02
7.900000000000000000e+01 2.386835443037974791e+00 1.885600000000000023e+02
7.900000000000000000e+01 5.583544303797468578e-01 4.410999999999999943e+01
7.900000000000000000e+01 1.165822784810126578e+00 9.209999999999999432e+01
7.900000000000000000e+01 6.789873417721519200e-01 5.364000000000000057e+01
7.900000000000000000e+01 8.944303797468353689e-01 7.065999999999999659e+01
7.900000000000000000e+01 3.426582278481012711e+00 2.706999999999999886e+02
7.900000000000000000e+01 3.458101265822784764e+00 2.731899999999999977e+02
7.900000000000000000e+01 2.911645569620252783e+00 2.300199999999999818e+02
7.900000000000000000e+01 1.791265822784809947e+00 1.415099999999999909e+02
7.900000000000000000e+01 1.198101265822784978e+00 9.465000000000000568e+01
