2.400000000000000000e+01 0.000000000000000000e+00 0.000000000000000000e+00
5.290000000000000000e+02 6.544971644612475714e+00 3.462289999999999509e+03
5.690000000000000000e+02 5.320984182776800964e+00 3.027639999999999873e+03
5.900000000000000000e+02 3.970338983050847315e+00 2.342500000000000000e+03
5.910000000000000000e+02 4.083570219966159875e+00 2.413390000000000327e+03
5.910000000000000000e+02 3.782165820642978460e+00 2.235260000000000218e+03
5.910000000000000000e+02 3.379407783417935907e+00 1.997230000000000018e+03
5.910000000000000000e+02 3.024686971235194921e+00 1.787590000000000146e+03
5.910000000000000000e+02 2.321438240270727427e+00 1.371970000000000027e+03
5.910000000000000000e+02 2.899306260575296168e+00 1.713490000000000009e+03
5.910000000000000000e+02 2.767258883248730594e+00 1.635449999999999818e+03
5.910000000000000000e+02 2.465228426395938754e+00 1.456949999999999818e+03
5.910000000000000000e+02 3.321116751269034939e+00 1.962779999999999745e+03
5.910000000000000000e+02 2.469458544839255865e+00 1.459450000000000273e+03
5.910000000000000000e+02 2.739187817258883495e+00 1.618860000000000127e+03
5.910000000000000000e+02 3.151404399323181060e+00 1.862480000000000018e+03
5.910000000000000000e+02 2.594805414551606848e+00 1.533529999999999745e+03
5.910000000000000000e+02 3.417884940778341818e+00 2.019970000000000027e+03
5.910000000000000000e+02 3.042233502538071122e+00 1.797960000000000036e+03
5.910000000000000000e+02 3.475279187817259530e+00 2.053890000000000327e+03
5.910000000000000000e+02 2.571370558375634552e+00 1.519680000000000064e+03
5.910000000000000000e+02 2.893620981387479141e+00 1.710130000000000109e+03
5.910000000000000000e+02 2.650406091370558048e+00 1.566389999999999873e+03
5.910000000000000000e+02 2.625414551607444746e+00 1.551619999999999891e+03
5.910000000000000000e+02 3.521049069373942686e+00 2.080940000000000055e+03
5.910000000000000000e+02 2.814670050761421294e+00 1.663470000000000027e+03
5.910000000000000000e+02 2.726463620981387503e+00 1.611340000000000146e+03
5.910000000000000000e+02 2.979255499153976139e+00 1.760739999999999782e+03
5.910000000000000000e+02 2.988544839255498964e+00 1.766230000000000018e+03
5.910000000000000000e+02 3.293891708967850995e+00 1.946690000000000055e+03
5.910000000000000000e+02 2.959323181049069440e+00 1.748960000000000036e+03
5.910000000000000000e+02 3.204230118443316844e+00 1.893700000000000273e+03
5.910000000000000000e+02 2.529644670050761324e+00 1.495019999999999982e+03
5.910000000000000000e+02 2.835329949238578617e+00 1.675679999999999836e+03
5.910000000000000000e+02 3.396159052453469052e+00 2.007130000000000109e+03
5.910000000000000000e+02 2.899966159052453474e+00 1.713879999999999882e+03
5.910000000000000000e+02 2.640575296108290893e+00 1.560579999999999927e+03
5.910000000000000000e+02 2.198832487309644979e+00 1.299510000000000218e+03
5.910000000000000000e+02 3.371489001692047349e+00 1.992549999999999955e+03
5.910000000000000000e+02 3.279729272419627861e+00 1.938320000000000164e+03
5.910000000000000000e+02 2.945499153976311124e+00 1.740789999999999964e+03
5.910000000000000000e+02 3.184856175972927250e+00 1.882250000000000000e+03
5.910000000000000000e+02 2.698071065989847472e+00 1.594559999999999945e+03
5.910000000000000000e+02 2.719458544839254976e+00 1.607199999999999818e+03
5.910000000000000000e+02 2.827326565143823522e+00 1.670949999999999818e+03
5.910000000000000000e+02 2.493654822335025223e+00 1.473750000000000000e+03
5.910000000000000000e+02 2.691032148900168952e+00 1.590399999999999864e+03
5.910000000000000000e+02 2.774196277495769802e+00 1.639549999999999955e+03
5.910000000000000000e+02 3.360744500846023719e+00 1.986200000000000045e+03
5.910000000000000000e+02 2.480389170896785345e+00 1.465910000000000082e+03
5.910000000000000000e+02 2.943790186125211594e+00 1.739779999999999973e+03
5.910000000000000000e+02 2.643451776649746510e+00 1.562280000000000200e+03
5.910000000000000000e+02 2.615651438240270465e+00 1.545849999999999909e+03
5.910000000000000000e+02 2.923756345177665139e+00 1.727940000000000055e+03
5.910000000000000000e+02 2.246412859560067865e+00 1.327630000000000109e+03
5.910000000000000000e+02 2.804213197969543270e+00 1.657289999999999964e+03
5.910000000000000000e+02 2.314686971235194513e+00 1.367980000000000018e+03
5.910000000000000000e+02 2.218866328257190990e+00 1.311349999999999909e+03
5.910000000000000000e+02 2.590998307952622870e+00 1.531280000000000200e+03
5.910000000000000000e+02 2.398375634517766475e+00 1.417440000000000055e+03
5.910000000000000000e+02 2.402453468697123284e+00 1.419849999999999909e+03
5.910000000000000000e+02 2.433553299492385857e+00 1.438230000000000018e+03
5.910000000000000000e+02 2.939780033840947659e+00 1.737410000000000082e+03
5.910000000000000000e+02 3.127664974619289495e+00 1.848450000000000045e+03
5.910000000000000000e+02 2.481353637901861475e+00 1.466480000000000018e+03
5.910000000000000000e+02 3.030761421319796867e+00 1.791180000000000064e+03
5.910000000000000000e+02 2.095397631133671723e+00 1.238380000000000109e+03
5.910000000000000000e+02 3.156429780033841226e+00 1.865450000000000045e+03
5.910000000000000000e+02 3.362639593908629543e+00 1.987319999999999936e+03
5.910000000000000000e+02 3.129796954314720825e+00 1.849710000000000036e+03
5.910000000000000000e+02 3.613333333333333286e+00 2.135480000000000018e+03
5.910000000000000000e+02 2.814280879864636375e+00 1.663240000000000009e+03
5.910000000000000000e+02 3.512588832487309798e+00 2.075940000000000055e+03
5.910000000000000000e+02 3.194873096446700700e+00 1.888170000000000073e+03
5.910000000000000000e+02 2.989847715736040801e+00 1.767000000000000000e+03
5.910000000000000000e+02 3.220693739424703494e+00 1.903429999999999836e+03
5.910000000000000000e+02 2.632994923857868041e+00 1.556099999999999909e+03
5.910000000000000000e+02 2.997343485617597558e+00 1.771430000000000064e+03
5.910000000000000000e+02 2.985702199661590228e+00 1.764549999999999955e+03
5.910000000000000000e+02 2.893620981387478697e+00 1.710129999999999882e+03
5.910000000000000000e+02 2.868375634517766670e+00 1.695210000000000036e+03
5.910000000000000000e+02 2.712436548223350119e+00 1.603049999999999955e+03
5.910000000000000000e+02 3.245989847715736065e+00 1.918380000000000109e+03
5.910000000000000000e+02 2.574500846023688450e+00 1.521529999999999973e+03
5.910000000000000000e+02 2.746074450084602603e+00 1.622930000000000064e+03
5.910000000000000000e+02 3.089120135363790265e+00 1.825670000000000073e+03
5.910000000000000000e+02 2.726175972927241897e+00 1.611170000000000073e+03
5.910000000000000000e+02 2.993604060913705567e+00 1.769220000000000027e+03
5.910000000000000000e+02 2.221150592216582176e+00 1.312700000000000045e+03
5.910000000000000000e+02 2.828934010152284628e+00 1.671900000000000091e+03
5.910000000000000000e+02 2.632859560067681848e+00 1.556019999999999982e+03
5.910000000000000000e+02 2.770101522842639774e+00 1.637130000000000109e+03
5.910000000000000000e+02 2.655956006768189770e+00 1.569670000000000073e+03
5.910000000000000000e+02 2.762927241962774616e+00 1.632889999999999873e+03
5.910000000000000000e+02 3.334551607445008781e+00 1.970720000000000255e+03
5.910000000000000000e+02 2.356362098138748085e+00 1.392610000000000127e+03
5.910000000000000000e+02 2.699678510998308134e+00 1.595509999999999991e+03
5.910000000000000000e+02 2.917614213197969431e+00 1.724309999999999945e+03
5.910000000000000000e+02 2.642250423011844429e+00 1.561570000000000164e+03
5.910000000000000000e+02 3.089323181049069333e+00 1.825789999999999964e+03
