2.400000000000000000e+01 0.000000000000000000e+00 0.000000000000000000e+00
3.780000000000000000e+02 6.052301587301585961e+00 2.287769999999999527e+03
3.930000000000000000e+02 6.068600508905852564e+00 2.384960000000000036e+03
3.930000000000000000e+02 5.452875318066157995e+00 2.142980000000000018e+03
3.930000000000000000e+02 5.673638676844784179e+00 2.229740000000000236e+03
3.930000000000000000e+02 5.721781170483460244e+00 2.248659999999999854e+03
3.930000000000000000e+02 5.318625954198473060e+00 2.090219999999999800e+03
3.930000000000000000e+02 4.990279898218829224e+00 1.961179999999999836e+03
3.930000000000000000e+02 4.575318066157760377e+00 1.798099999999999909e+03
3.930000000000000000e+02 4.201526717557251267e+00 1.651199999999999818e+03
3.930000000000000000e+02 3.667989821882951418e+00 1.441519999999999982e+03
3.930000000000000000e+02 2.847124681933841828e+00 1.118919999999999845e+03
3.930000000000000000e+02 3.517328244274808835e+00 1.382309999999999945e+03
3.930000000000000000e+02 4.296361323155216461e+00 1.688470000000000027e+03
3.930000000000000000e+02 4.303435114503816550e+00 1.691250000000000000e+03
3.930000000000000000e+02 3.939185750636132077e+00 1.548099999999999909e+03
3.930000000000000000e+02 4.835139949109414914e+00 1.900210000000000036e+03
3.930000000000000000e+02 4.632086513994910781e+00 1.820409999999999854e+03
3.930000000000000000e+02 3.919491094147582899e+00 1.540360000000000127e+03
3.930000000000000000e+02 3.808651399491094658e+00 1.496800000000000182e+03
3.930000000000000000e+02 4.721603053435114994e+00 1.855590000000000146e+03
3.930000000000000000e+02 4.210636132315521252e+00 1.654779999999999973e+03
3.930000000000000000e+02 4.134045801526717412e+00 1.624680000000000064e+03
3.930000000000000000e+02 4.368524173027990010e+00 1.716829999999999927e+03
3.930000000000000000e+02 4.826895674300254235e+00 1.896970000000000027e+03
3.930000000000000000e+02 4.386132315521628300e+00 1.723750000000000000e+03
3.930000000000000000e+02 4.313587786259542867e+00 1.695240000000000236e+03
3.930000000000000000e+02 3.348091603053434895e+00 1.315799999999999955e+03
3.930000000000000000e+02 3.396844783715012639e+00 1.334960000000000036e+03
3.930000000000000000e+02 3.650279898218829366e+00 1.434559999999999945e+03
3.930000000000000000e+02 3.656106870229007377e+00 1.436849999999999909e+03
3.930000000000000000e+02 4.093562340966920843e+00 1.608769999999999982e+03
3.930000000000000000e+02 4.206106870229007200e+00 1.653000000000000000e+03
3.930000000000000000e+02 5.104987277353688846e+00 2.006259999999999764e+03
3.930000000000000000e+02 4.567251908396945836e+00 1.794929999999999836e+03
3.930000000000000000e+02 4.235597964376590419e+00 1.664589999999999918e+03
3.930000000000000000e+02 3.485547073791348538e+00 1.369819999999999936e+03
3.930000000000000000e+02 3.459058524173027838e+00 1.359409999999999854e+03
3.930000000000000000e+02 4.085572519083969567e+00 1.605630000000000109e+03
3.930000000000000000e+02 3.863816793893129820e+00 1.518480000000000018e+03
3.930000000000000000e+02 4.101653944020355880e+00 1.611949999999999818e+03
3.930000000000000000e+02 3.847277353689567470e+00 1.511980000000000018e+03
3.930000000000000000e+02 3.277684478371500898e+00 1.288129999999999882e+03
3.930000000000000000e+02 3.776183206106870305e+00 1.484039999999999964e+03
3.930000000000000000e+02 4.287633587786259248e+00 1.685039999999999964e+03
3.930000000000000000e+02 3.062875318066157870e+00 1.203710000000000036e+03
3.930000000000000000e+02 3.880330788804070785e+00 1.524969999999999800e+03
3.930000000000000000e+02 3.329669211195928735e+00 1.308559999999999945e+03
3.930000000000000000e+02 3.101475826972010630e+00 1.218880000000000109e+03
3.930000000000000000e+02 4.080814249363867496e+00 1.603759999999999764e+03
3.930000000000000000e+02 4.720737913486004800e+00 1.855250000000000000e+03
3.930000000000000000e+02 4.475114503816794098e+00 1.758720000000000255e+03
3.930000000000000000e+02 4.152010178117047978e+00 1.631739999999999782e+03
3.930000000000000000e+02 4.436870229007634059e+00 1.743690000000000055e+03
3.930000000000000000e+02 3.890000000000000124e+00 1.528769999999999982e+03
3.930000000000000000e+02 3.997430025445292578e+00 1.570990000000000009e+03
3.930000000000000000e+02 3.725979643765902960e+00 1.464309999999999945e+03
3.930000000000000000e+02 3.540763358778626024e+00 1.391519999999999982e+03
3.930000000000000000e+02 4.083002544529262146e+00 1.604620000000000118e+03
3.930000000000000000e+02 3.818956743002544396e+00 1.500849999999999909e+03
3.930000000000000000e+02 4.530687022900763417e+00 1.780560000000000173e+03
3.930000000000000000e+02 3.724071246819338210e+00 1.463559999999999945e+03
3.930000000000000000e+02 4.258244274809160679e+00 1.673490000000000009e+03
3.930000000000000000e+02 3.109949109414758439e+00 1.222210000000000036e+03
3.930000000000000000e+02 3.412213740458015288e+00 1.341000000000000000e+03
3.930000000000000000e+02 3.786386768447836282e+00 1.488049999999999727e+03
3.930000000000000000e+02 4.009745547073791272e+00 1.575829999999999927e+03
3.930000000000000000e+02 5.220737913486004800e+00 2.051750000000000000e+03
3.930000000000000000e+02 4.494605597964376642e+00 1.766380000000000109e+03
3.930000000000000000e+02 5.013918575063613936e+00 1.970470000000000255e+03
3.930000000000000000e+02 4.550737913486004871e+00 1.788440000000000055e+03
3.930000000000000000e+02 3.980356234096692258e+00 1.564279999999999973e+03
3.930000000000000000e+02 3.540737913486005528e+00 1.391510000000000218e+03
3.930000000000000000e+02 3.442010178117048458e+00 1.352710000000000036e+03
3.930000000000000000e+02 3.469287531806615199e+00 1.363429999999999836e+03
3.930000000000000000e+02 4.274987277353689663e+00 1.680069999999999936e+03
3.930000000000000000e+02 4.253536895674300489e+00 1.671640000000000100e+03
3.930000000000000000e+02 4.406590330788803911e+00 1.731789999999999964e+03
3.930000000000000000e+02 4.370458015267175256e+00 1.717589999999999918e+03
3.930000000000000000e+02 4.061399491094147329e+00 1.596129999999999882e+03
3.930000000000000000e+02 3.343486005089058466e+00 1.313990000000000009e+03
3.930000000000000000e+02 3.380788804071247267e+00 1.328650000000000091e+03
3.930000000000000000e+02 3.132926208651399591e+00 1.231240000000000009e+03
3.930000000000000000e+02 3.999898218829516683e+00 1.571960000000000036e+03
3.930000000000000000e+02 3.496717557251908470e+00 1.374210000000000036e+03
3.930000000000000000e+02 3.533765903307887868e+00 1.388769999999999982e+03
3.930000000000000000e+02 4.749312977099235944e+00 1.866479999999999791e+03
3.930000000000000000e+02 4.439185750636132077e+00 1.744599999999999909e+03
3.930000000000000000e+02 5.009516539440203253e+00 1.968739999999999782e+03
3.930000000000000000e+02 3.918549618320610328e+00 1.539989999999999782e+03
3.930000000000000000e+02 3.491984732824427340e+00 1.372349999999999909e+03
3.930000000000000000e+02 3.517455470737913981e+00 1.382360000000000127e+03
3.930000000000000000e+02 3.411170483460560288e+00 1.340590000000000146e+03
3.930000000000000000e+02 4.119389312977099316e+00 1.618920000000000073e+03
3.930000000000000000e+02 3.983918575063613243e+00 1.565680000000000064e+03
3.930000000000000000e+02 4.061374045801526833e+00 1.596119999999999891e+03
3.930000000000000000e+02 4.087099236641221545e+00 1.606230000000000018e+03
3.930000000000000000e+02 4.460407124681934121e+00 1.752940000000000055e+03
3.930000000000000000e+02 3.006386768447836477e+00 1.181509999999999764e+03
3.930000000000000000e+02 3.186259541984732380e+00 1.252199999999999818e+03
