2.200000000000000000e+01 0.000000000000000000e+00 0.000000000000000000e+00
4.900000000000000000e+01 2.728571428571428203e+00 1.336999999999999886e+02
4.900000000000000000e+01 6.665918367346939100e+00 3.266299999999999955e+02
4.900000000000000000e+01 6.466734693877550733e+00 3.168700000000000045e+02
4.900000000000000000e+01 5.547959183673469852e+00 2.718500000000000227e+02
4.900000000000000000e+01 6.357959183673469461e+00 3.115400000000000205e+02
4.900000000000000000e+01 3.219795918367346577e+00 1.577699999999999818e+02
4.900000000000000000e+01 2.895918367346938194e+00 1.418999999999999773e+02
4.900000000000000000e+01 4.342040816326530717e+00 2.127599999999999909e+02
4.900000000000000000e+01 2.478775510204081822e+00 1.214600000000000080e+02
4.900000000000000000e+01 5.305918367346938780e+00 2.599900000000000091e+02
4.900000000000000000e+01 6.672040816326530788e+00 3.269300000000000068e+02
4.900000000000000000e+01 7.608163265306122636e-01 3.728000000000000114e+01
4.900000000000000000e+01 2.938571428571428612e+00 1.439900000000000091e+02
4.900000000000000000e+01 3.764489795918367410e+00 1.844600000000000080e+02
4.900000000000000000e+01 3.791020408163265021e+00 1.857599999999999909e+02
4.900000000000000000e+01 5.001428571428570891e+00 2.450699999999999932e+02
4.900000000000000000e+01 1.088163265306122618e+00 5.332000000000000739e+01
4.900000000000000000e+01 2.220204081632652926e+00 1.087899999999999920e+02
4.900000000000000000e+01 4.018571428571428683e+00 1.969100000000000250e+02
4.900000000000000000e+01 3.881020408163265767e+00 1.901700000000000159e+02
4.900000000000000000e+01 5.237142857142857544e+00 2.566200000000000045e+02
4.900000000000000000e+01 2.922448979591837137e+00 1.432000000000000171e+02
4.900000000000000000e+01 1.926734693877550919e+00 9.440999999999999659e+01
4.900000000000000000e+01 3.575714285714285179e+00 1.752099999999999795e+02
4.900000000000000000e+01 1.756326530612244863e+00 8.606000000000000227e+01
4.900000000000000000e+01 4.099795918367346914e+00 2.008899999999999864e+02
4.900000000000000000e+01 4.234693877551020336e+00 2.075000000000000000e+02
4.900000000000000000e+01 1.624897959183673635e+00 7.962000000000000455e+01
4.900000000000000000e+01 2.868775510204081503e+00 1.405699999999999932e+02
4.900000000000000000e+01 3.400204081632653530e+00 1.666100000000000136e+02
4.900000000000000000e+01 4.099795918367346914e+00 2.008899999999999864e+02
4.900000000000000000e+01 3.404897959183672995e+00 1.668399999999999750e+02
4.900000000000000000e+01 7.697959183673469541e-01 3.771999999999999886e+01
4.900000000000000000e+01 1.932244897959183527e+00 9.467999999999999261e+01
4.900000000000000000e+01 2.876530612244897700e+00 1.409499999999999886e+02
4.900000000000000000e+01 2.469591836734693846e+00 1.210100000000000051e+02
4.900000000000000000e+01 2.191224489795918551e+00 1.073700000000000045e+02
4.900000000000000000e+01 2.391224489795918284e+00 1.171699999999999875e+02
4.900000000000000000e+01 4.114285714285714213e-01 2.016000000000000014e+01
4.900000000000000000e+01 1.066122448979591741e+00 5.223999999999999488e+01
4.900000000000000000e+01 1.980816326530612237e+00 9.706000000000000227e+01
4.900000000000000000e+01 2.416938775510204085e+00 1.184299999999999926e+02
4.900000000000000000e+01 3.193877551020408045e+00 1.565000000000000000e+02
4.900000000000000000e+01 7.457142857142856629e-01 3.653999999999999915e+01
4.900000000000000000e+01 1.689999999999999947e+00 8.281000000000000227e+01
4.900000000000000000e+01 1.471428571428571308e+00 7.209999999999999432e+01
4.900000000000000000e+01 3.076326530612245147e+00 1.507400000000000091e+02
4.900000000000000000e+01 3.376938775510204049e+00 1.654699999999999989e+02
4.900000000000000000e+01 8.508163265306122325e-01 4.168999999999999773e+01
4.900000000000000000e+01 1.933673469387755306e+00 9.475000000000001421e+01
4.900000000000000000e+01 2.624081632653060936e+00 1.285799999999999841e+02
4.900000000000000000e+01 1.133877551020408214e+00 5.556000000000000227e+01
4.900000000000000000e+01 3.101836734693877773e+00 1.519900000000000091e+02
4.900000000000000000e+01 2.491428571428571548e+00 1.220800000000000125e+02
4.900000000000000000e+01 3.891836734693877586e-01 1.907000000000000028e+01
4.900000000000000000e+01 5.538775510204081431e-01 2.714000000000000057e+01
4.900000000000000000e+01 5.477551020408163440e-01 2.684000000000000341e+01
4.900000000000000000e+01 9.542857142857144037e-01 4.676000000000000512e+01
4.900000000000000000e+01 2.619183673469387408e+00 1.283399999999999750e+02
4.900000000000000000e+01 2.522448979591836449e-01 1.235999999999999943e+01
4.900000000000000000e+01 4.548979591836734282e-01 2.228999999999999915e+01
4.900000000000000000e+01 2.092040816326530717e+00 1.025100000000000051e+02
4.900000000000000000e+01 2.013469387755102424e+00 9.866000000000001080e+01
4.900000000000000000e+01 2.019183673469387763e+00 9.893999999999999773e+01
4.900000000000000000e+01 5.348979591836734437e-01 2.621000000000000085e+01
4.900000000000000000e+01 5.138775510204081076e-01 2.517999999999999972e+01
4.900000000000000000e+01 1.077959183673469434e+00 5.282000000000000028e+01
4.900000000000000000e+01 2.117959183673469248e+00 1.037800000000000011e+02
4.900000000000000000e+01 3.197755102040816144e+00 1.566899999999999977e+02
4.900000000000000000e+01 3.942244897959183536e+00 1.931699999999999875e+02
4.900000000000000000e+01 9.738775510204081831e-01 4.771999999999999886e+01
4.900000000000000000e+01 2.006326530612244863e+00 9.831000000000000227e+01
4.900000000000000000e+01 1.506326530612244863e+00 7.381000000000000227e+01
4.900000000000000000e+01 1.524897959183673546e+00 7.471999999999999886e+01
4.900000000000000000e+01 3.297142857142857153e+00 1.615600000000000023e+02
4.900000000000000000e+01 6.022448979591836782e-01 2.950999999999999801e+01
4.900000000000000000e+01 2.789591836734693686e+00 1.366899999999999977e+02
4.900000000000000000e+01 3.444897959183673031e+00 1.687999999999999829e+02
4.900000000000000000e+01 2.380612244897958973e+00 1.166499999999999915e+02
4.900000000000000000e+01 2.956734693877550946e+00 1.448799999999999955e+02
4.900000000000000000e+01 1.678571428571428603e+00 8.225000000000000000e+01
4.900000000000000000e+01 1.934897959183673466e+00 9.481000000000000227e+01
4.900000000000000000e+01 2.231224489795918142e+00 1.093299999999999983e+02
4.900000000000000000e+01 1.221836734693877657e+00 5.987000000000000455e+01
4.900000000000000000e+01 2.295306122448979469e+00 1.124699999999999989e+02
4.900000000000000000e+01 3.993877551020407868e+00 1.956999999999999886e+02
4.900000000000000000e+01 9.097959183673468564e-01 4.457999999999999829e+01
4.900000000000000000e+01 1.504081632653061273e+00 7.370000000000000284e+01
4.900000000000000000e+01 1.508571428571428230e+00 7.391999999999998749e+01
4.900000000000000000e+01 1.378775510204081733e+00 6.756000000000000227e+01
4.900000000000000000e+01 1.993061224489795835e+00 9.765999999999999659e+01
4.900000000000000000e+01 1.013673469387754933e+00 4.966999999999999460e+01
4.900000000000000000e+01 2.015102040816326490e+00 9.873999999999999488e+01
4.900000000000000000e+01 3.286530612244897842e+00 1.610399999999999920e+02
4.900000000000000000e+01 1.557551020408163067e+00 7.631999999999999318e+01
4.900000000000000000e+01 2.471020408163265181e+00 1.210799999999999983e+02
4.900000000000000000e+01 1.059183673469387577e+00 5.189999999999999147e+01
4.900000000000000000e+01 6.983673469387754462e-01 3.421999999999999886e+01
4.900000000000000000e+01 1.590816326530612335e+00 7.795000000000000284e+01
