2.400000000000000000e+01 0.000000000000000000e+00 0.000000000000000000e+00
6.110000000000000000e+02 7.761096563011456340e+00 4.742029999999999745e+03
8.810000000000000000e+02 3.839807037457434458e+00 3.382869999999999891e+03
9.070000000000000000e+02 2.831885336273429310e+00 2.568520000000000437e+03
9.290000000000000000e+02 2.531603875134553316e+00 2.351860000000000127e+03
9.410000000000000000e+02 2.325696068012752526e+00 2.188480000000000018e+03
9.480000000000000000e+02 2.261445147679324918e+00 2.143849999999999909e+03
9.500000000000000000e+02 2.175726315789473286e+00 2.066939999999999600e+03
9.560000000000000000e+02 2.082719665271966836e+00 1.991080000000000155e+03
9.590000000000000000e+02 2.008091762252345980e+00 1.925759999999999991e+03
9.640000000000000000e+02 1.919450207468879732e+00 1.850350000000000136e+03
9.700000000000000000e+02 2.186257731958762829e+00 2.120670000000000073e+03
9.700000000000000000e+02 1.735865979381443269e+00 1.683789999999999964e+03
9.710000000000000000e+02 1.994047373841400850e+00 1.936220000000000255e+03
9.710000000000000000e+02 1.671410916580844619e+00 1.622940000000000055e+03
9.710000000000000000e+02 1.749423274974253317e+00 1.698690000000000055e+03
9.700000000000000000e+02 1.858422680412371131e+00 1.802670000000000073e+03
9.740000000000000000e+02 1.804014373716632536e+00 1.757110000000000127e+03
9.740000000000000000e+02 1.638552361396304224e+00 1.595950000000000273e+03
9.790000000000000000e+02 1.780265577119509723e+00 1.742880000000000109e+03
9.840000000000000000e+02 1.511941056910569126e+00 1.487750000000000000e+03
9.840000000000000000e+02 1.691697154471544673e+00 1.664629999999999882e+03
9.840000000000000000e+02 1.527459349593495830e+00 1.503019999999999982e+03
9.840000000000000000e+02 1.716727642276422827e+00 1.689259999999999991e+03
9.840000000000000000e+02 1.489664634146341315e+00 1.465829999999999927e+03
9.840000000000000000e+02 1.523658536585366097e+00 1.499280000000000200e+03
9.840000000000000000e+02 1.601250000000000062e+00 1.575630000000000109e+03
9.840000000000000000e+02 1.706097560975609717e+00 1.678799999999999955e+03
9.840000000000000000e+02 1.498658536585365741e+00 1.474679999999999836e+03
9.840000000000000000e+02 1.429634146341463463e+00 1.406759999999999991e+03
9.840000000000000000e+02 1.456788617886178860e+00 1.433480000000000018e+03
9.840000000000000000e+02 1.342987804878048808e+00 1.321500000000000000e+03
9.840000000000000000e+02 1.533170731707316881e+00 1.508639999999999873e+03
9.840000000000000000e+02 1.306605691056910379e+00 1.285699999999999818e+03
9.840000000000000000e+02 1.282865853658536448e+00 1.262339999999999918e+03
9.840000000000000000e+02 1.288607723577235742e+00 1.267990000000000009e+03
9.840000000000000000e+02 1.369512195121951326e+00 1.347600000000000136e+03
9.840000000000000000e+02 1.294766260162601546e+00 1.274049999999999955e+03
9.840000000000000000e+02 1.551951219512194946e+00 1.527119999999999891e+03
9.840000000000000000e+02 1.509796747967479646e+00 1.485639999999999873e+03
9.840000000000000000e+02 1.158069105691056810e+00 1.139539999999999964e+03
9.840000000000000000e+02 1.401565040650406546e+00 1.379140000000000100e+03
9.840000000000000000e+02 1.246544715447154283e+00 1.226599999999999909e+03
9.840000000000000000e+02 1.150132113821138224e+00 1.131730000000000018e+03
9.840000000000000000e+02 1.319227642276422863e+00 1.298120000000000118e+03
9.840000000000000000e+02 1.217662601626016139e+00 1.198179999999999836e+03
9.840000000000000000e+02 1.106798780487805001e+00 1.089090000000000146e+03
9.830000000000000000e+02 9.839267548321464218e-01 9.671999999999999318e+02
9.830000000000000000e+02 8.976703967446592047e-01 8.824099999999999682e+02
9.820000000000000000e+02 8.598268839103868633e-01 8.443499999999999091e+02
9.820000000000000000e+02 7.018228105906313408e-01 6.891899999999999409e+02
9.790000000000000000e+02 5.156792645556690369e-01 5.048499999999999659e+02
9.790000000000000000e+02 4.312257405515831921e-01 4.221699999999999591e+02
9.790000000000000000e+02 4.339019407558732944e-01 4.247899999999999636e+02
9.760000000000000000e+02 3.389446721311474842e-01 3.308099999999999454e+02
9.730000000000000000e+02 2.985097636176773372e-01 2.904500000000000455e+02
9.740000000000000000e+02 3.496919917864476091e-01 3.405999999999999659e+02
9.730000000000000000e+02 2.940904419321686003e-01 2.861500000000000341e+02
9.710000000000000000e+02 2.847991761071060335e-01 2.765399999999999636e+02
9.710000000000000000e+02 2.903604531410917122e-01 2.819400000000000546e+02
9.700000000000000000e+02 2.631443298969071698e-01 2.552499999999999716e+02
9.640000000000000000e+02 2.781639004149377148e-01 2.681499999999999773e+02
9.630000000000000000e+02 2.758982346832813959e-01 2.656899999999999977e+02
9.640000000000000000e+02 2.144709543568464605e-01 2.067500000000000000e+02
9.590000000000000000e+02 2.513242961418143961e-01 2.410200000000000102e+02
9.600000000000000000e+02 2.534166666666666790e-01 2.432800000000000296e+02
9.610000000000000000e+02 2.483038501560873856e-01 2.386199999999999761e+02
9.620000000000000000e+02 2.997817047817047942e-01 2.883899999999999864e+02
9.590000000000000000e+02 2.386757038581855950e-01 2.288899999999999864e+02
9.590000000000000000e+02 1.791240875912408492e-01 1.717799999999999727e+02
9.590000000000000000e+02 1.582586027111574367e-01 1.517699999999999818e+02
9.560000000000000000e+02 1.641841004184100561e-01 1.569600000000000080e+02
9.550000000000000000e+02 1.476858638743455410e-01 1.410399999999999920e+02
9.540000000000000000e+02 1.496226415094339401e-01 1.427399999999999807e+02
9.540000000000000000e+02 1.330188679245283001e-01 1.269000000000000057e+02
9.530000000000000000e+02 1.862644281217208653e-01 1.775099999999999909e+02
9.530000000000000000e+02 1.779328436516264267e-01 1.695699999999999932e+02
9.520000000000000000e+02 3.282563025210084029e-01 3.125000000000000000e+02
9.510000000000000000e+02 3.243953732912723265e-01 3.085000000000000000e+02
9.490000000000000000e+02 3.359009483667017570e-01 3.187699999999999818e+02
9.480000000000000000e+02 3.037236286919831052e-01 2.879300000000000068e+02
9.480000000000000000e+02 2.516350210970464407e-01 2.385500000000000114e+02
9.460000000000000000e+02 2.579809725158562217e-01 2.440499999999999829e+02
9.440000000000000000e+02 2.970656779661017266e-01 2.804300000000000068e+02
9.420000000000000000e+02 3.551061571125265215e-01 3.345099999999999909e+02
9.400000000000000000e+02 2.833510638297872530e-01 2.663500000000000227e+02
9.410000000000000000e+02 1.802869287991498426e-01 1.696500000000000057e+02
9.430000000000000000e+02 2.421420996818663685e-01 2.283399999999999750e+02
9.430000000000000000e+02 1.379745493107105148e-01 1.301100000000000136e+02
9.410000000000000000e+02 2.031349628055260370e-01 1.911500000000000057e+02
9.410000000000000000e+02 2.667800212539851445e-01 2.510400000000000205e+02
9.440000000000000000e+02 2.667266949152542477e-01 2.517900000000000205e+02
9.460000000000000000e+02 2.111733615221987326e-01 1.997700000000000102e+02
9.480000000000000000e+02 2.099367088607594634e-01 1.990199999999999818e+02
9.470000000000000000e+02 2.077402323125659978e-01 1.967299999999999898e+02
9.430000000000000000e+02 2.541145281018027391e-01 2.396299999999999670e+02
9.460000000000000000e+02 2.777272727272727115e-01 2.627299999999999613e+02
9.420000000000000000e+02 2.890233545647558078e-01 2.722599999999999909e+02
9.410000000000000000e+02 2.307226354941551427e-01 2.171099999999999852e+02
9.380000000000000000e+02 2.118763326226012766e-01 1.987400000000000091e+02
