2.100000000000000000e+01 0.000000000000000000e+00 0.000000000000000000e+00
3.900000000000000000e+01 7.733076923076923848e+00 3.015900000000000318e+02
3.900000000000000000e+01 7.009487179487179809e+00 2.733700000000000045e+02
3.900000000000000000e+01 8.508717948717951174e+00 3.318400000000000887e+02
3.900000000000000000e+01 6.894615384615383924e+00 2.688899999999999864e+02
3.900000000000000000e+01 7.179230769230768416e+00 2.799899999999999523e+02
3.900000000000000000e+01 4.968205128205128496e+00 1.937600000000000193e+02
3.900000000000000000e+01 7.015897435897434420e+00 2.736199999999999477e+02
3.900000000000000000e+01 6.181282051282051881e+00 2.410700000000000216e+02
3.900000000000000000e+01 5.768717948717948296e+00 2.249799999999999898e+02
3.900000000000000000e+01 6.041025641025640880e+00 2.355999999999999943e+02
3.900000000000000000e+01 5.475384615384615294e+00 2.135399999999999920e+02
3.900000000000000000e+01 4.794358974358974734e+00 1.869800000000000182e+02
3.900000000000000000e+01 5.081538461538460894e+00 1.981799999999999784e+02
3.900000000000000000e+01 3.471282051282051029e+00 1.353799999999999955e+02
3.900000000000000000e+01 4.512820512820512775e+00 1.760000000000000000e+02
3.900000000000000000e+01 4.963846153846153797e+00 1.935900000000000034e+02
3.900000000000000000e+01 3.819487179487179862e+00 1.489600000000000080e+02
3.900000000000000000e+01 4.439230769230769980e+00 1.731300000000000239e+02
3.900000000000000000e+01 5.753846153846153832e+00 2.244000000000000057e+02
3.900000000000000000e+01 3.560769230769229576e+00 1.388699999999999477e+02
3.900000000000000000e+01 4.732051282051282115e+00 1.845500000000000114e+02
3.900000000000000000e+01 4.884102564102564159e+00 1.904799999999999898e+02
3.900000000000000000e+01 2.181025641025641004e+00 8.506000000000000227e+01
3.900000000000000000e+01 4.628974358974359049e+00 1.805300000000000011e+02
3.900000000000000000e+01 4.687435897435897836e+00 1.828100000000000023e+02
3.900000000000000000e+01 3.427179487179487172e+00 1.336599999999999966e+02
3.900000000000000000e+01 3.845897435897435379e+00 1.499899999999999807e+02
3.900000000000000000e+01 5.749743589743589567e+00 2.242399999999999807e+02
3.900000000000000000e+01 3.232820512820512970e+00 1.260799999999999983e+02
3.900000000000000000e+01 5.835897435897435592e+00 2.275999999999999943e+02
3.900000000000000000e+01 5.330256410256410504e+00 2.078799999999999955e+02
3.900000000000000000e+01 3.920512820512820795e+00 1.529000000000000057e+02
3.900000000000000000e+01 5.372564102564101773e+00 2.095299999999999727e+02
3.900000000000000000e+01 5.584871794871794748e+00 2.178100000000000023e+02
3.900000000000000000e+01 2.812564102564102608e+00 1.096899999999999977e+02
3.900000000000000000e+01 5.157435897435896699e+00 2.011399999999999579e+02
3.900000000000000000e+01 4.331538461538462670e+00 1.689300000000000352e+02
3.900000000000000000e+01 2.764102564102564052e+00 1.077999999999999972e+02
3.900000000000000000e+01 3.778205128205128105e+00 1.473499999999999943e+02
3.900000000000000000e+01 2.214871794871794641e+00 8.637999999999999545e+01
3.900000000000000000e+01 3.556153846153846221e+00 1.386899999999999977e+02
3.900000000000000000e+01 3.306410256410256210e+00 1.289499999999999886e+02
3.900000000000000000e+01 2.104102564102563910e+00 8.205999999999998806e+01
3.900000000000000000e+01 1.481538461538461471e+00 5.778000000000000114e+01
3.900000000000000000e+01 3.599743589743589212e+00 1.403899999999999864e+02
3.900000000000000000e+01 2.722051282051281884e+00 1.061599999999999966e+02
3.900000000000000000e+01 2.950769230769230589e+00 1.150799999999999983e+02
3.900000000000000000e+01 1.908461538461538209e+00 7.442999999999999261e+01
3.900000000000000000e+01 2.669230769230769074e+00 1.040999999999999943e+02
3.900000000000000000e+01 2.502307692307692566e+00 9.759000000000000341e+01
3.900000000000000000e+01 2.674102564102564195e+00 1.042900000000000063e+02
3.900000000000000000e+01 2.271794871794871717e+00 8.859999999999999432e+01
3.900000000000000000e+01 3.051025641025641111e+00 1.189899999999999949e+02
3.900000000000000000e+01 2.362820512820512420e+00 9.214999999999999147e+01
3.900000000000000000e+01 1.407179487179487154e+00 5.488000000000000256e+01
3.900000000000000000e+01 2.222307692307692317e+00 8.667000000000000171e+01
3.900000000000000000e+01 1.359487179487179676e+00 5.302000000000000313e+01
3.900000000000000000e+01 2.575384615384615383e+00 1.004399999999999977e+02
3.900000000000000000e+01 3.576923076923077094e+00 1.395000000000000000e+02
3.900000000000000000e+01 3.683333333333333570e+00 1.436500000000000057e+02
3.900000000000000000e+01 3.302820512820512810e+00 1.288100000000000023e+02
3.900000000000000000e+01 4.346153846153845812e+00 1.695000000000000000e+02
3.900000000000000000e+01 2.463076923076922942e+00 9.605999999999998806e+01
3.900000000000000000e+01 2.122307692307692673e+00 8.277000000000001023e+01
3.900000000000000000e+01 3.350512820512820067e+00 1.306699999999999875e+02
3.900000000000000000e+01 1.599999999999999867e+00 6.239999999999999858e+01
3.900000000000000000e+01 2.101025641025640933e+00 8.193999999999999773e+01
3.900000000000000000e+01 2.488717948717948492e+00 9.705999999999998806e+01
3.900000000000000000e+01 2.193076923076922924e+00 8.553000000000000114e+01
3.900000000000000000e+01 3.146666666666666501e+00 1.227199999999999989e+02
3.900000000000000000e+01 2.696923076923076756e+00 1.051799999999999926e+02
3.900000000000000000e+01 1.518461538461538529e+00 5.921999999999999886e+01
3.900000000000000000e+01 2.167179487179486941e+00 8.451999999999999602e+01
3.900000000000000000e+01 2.276923076923077272e+00 8.880000000000001137e+01
3.900000000000000000e+01 6.205128205128206398e-01 2.420000000000000284e+01
3.900000000000000000e+01 2.024871794871794695e+00 7.896999999999999886e+01
3.900000000000000000e+01 1.765384615384615552e+00 6.885000000000000853e+01
3.900000000000000000e+01 5.907692307692307132e-01 2.303999999999999915e+01
3.900000000000000000e+01 1.008461538461538520e+00 3.932999999999999829e+01
3.900000000000000000e+01 2.830256410256410060e+00 1.103799999999999955e+02
3.900000000000000000e+01 8.874358974358974583e-01 3.460999999999999943e+01
3.900000000000000000e+01 3.138205128205128425e+00 1.223900000000000006e+02
3.900000000000000000e+01 3.298461538461538112e+00 1.286399999999999864e+02
3.900000000000000000e+01 1.622051282051282017e+00 6.325999999999999801e+01
3.900000000000000000e+01 1.952051282051281866e+00 7.612999999999999545e+01
3.900000000000000000e+01 1.846923076923076890e+00 7.203000000000000114e+01
3.900000000000000000e+01 2.019230769230769162e+00 7.875000000000000000e+01
3.900000000000000000e+01 2.577179487179487527e+00 1.005100000000000051e+02
3.900000000000000000e+01 1.176666666666666972e+00 4.589000000000000767e+01
3.900000000000000000e+01 9.741025641025641280e-01 3.799000000000000199e+01
3.900000000000000000e+01 1.416153846153846319e+00 5.523000000000000398e+01
3.900000000000000000e+01 2.623846153846153939e+00 1.023299999999999983e+02
3.900000000000000000e+01 1.831794871794871771e+00 7.143999999999999773e+01
3.900000000000000000e+01 2.593846153846153690e+00 1.011599999999999966e+02
3.900000000000000000e+01 2.979487179487179560e+00 1.162000000000000028e+02
3.900000000000000000e+01 3.048461538461538112e+00 1.188899999999999864e+02
3.900000000000000000e+01 2.303076923076922800e+00 8.981999999999999318e+01
3.900000000000000000e+01 2.958461538461538254e+00 1.153799999999999955e+02
3.900000000000000000e+01 2.253589743589743399e+00 8.789000000000000057e+01
