2.200000000000000000e+01 0.000000000000000000e+00 0.000000000000000000e+00
4.900000000000000000e+01 6.631428571428571672e+00 3.249399999999999977e+02
4.900000000000000000e+01 4.638979591836734251e+00 2.273099999999999739e+02
4.900000000000000000e+01 6.566122448979592185e+00 3.217400000000000091e+02
4.900000000000000000e+01 7.516326530612245982e+00 3.683000000000000682e+02
4.900000000000000000e+01 5.933469387755101465e+00 2.907399999999999523e+02
4.900000000000000000e+01 6.680612244897959684e+00 3.273500000000000227e+02
4.900000000000000000e+01 3.176530612244897522e+00 1.556499999999999773e+02
4.900000000000000000e+01 6.159591836734693793e+00 3.018199999999999932e+02
4.900000000000000000e+01 4.925714285714285268e+00 2.413599999999999852e+02
4.900000000000000000e+01 4.095306122448979735e+00 2.006700000000000159e+02
4.900000000000000000e+01 4.851020408163265962e+00 2.377000000000000171e+02
4.900000000000000000e+01 2.161836734693877826e+00 1.059300000000000068e+02
4.900000000000000000e+01 4.668775510204080881e+00 2.287699999999999818e+02
4.900000000000000000e+01 3.183877551020407815e+00 1.560099999999999909e+02
4.900000000000000000e+01 2.489387755102041133e+00 1.219800000000000182e+02
4.900000000000000000e+01 4.477142857142856869e+00 2.193799999999999955e+02
4.900000000000000000e+01 2.226530612244897789e+00 1.090999999999999943e+02
4.900000000000000000e+01 3.178571428571428381e+00 1.557500000000000000e+02
4.900000000000000000e+01 2.227142857142856869e+00 1.091299999999999955e+02
4.900000000000000000e+01 2.427755102040816571e+00 1.189600000000000080e+02
4.900000000000000000e+01 3.647551020408163591e+00 1.787300000000000182e+02
4.900000000000000000e+01 1.935306122448979593e+00 9.482999999999999829e+01
4.900000000000000000e+01 1.763877551020408330e+00 8.643000000000000682e+01
4.900000000000000000e+01 1.633469387755101865e+00 8.003999999999999204e+01
4.900000000000000000e+01 3.989387755102041133e+00 1.954800000000000182e+02
4.900000000000000000e+01 3.805510204081632430e+00 1.864699999999999989e+02
4.900000000000000000e+01 1.943673469387755093e+00 9.523999999999999488e+01
4.900000000000000000e+01 5.486734693877551194e+00 2.688500000000000227e+02
4.900000000000000000e+01 1.454285714285714182e+00 7.125999999999999091e+01
4.900000000000000000e+01 2.480204081632653157e+00 1.215300000000000011e+02
4.900000000000000000e+01 2.276530612244898055e+00 1.115500000000000114e+02
4.900000000000000000e+01 1.707551020408163200e+00 8.367000000000000171e+01
4.900000000000000000e+01 2.457959183673469550e+00 1.204399999999999977e+02
4.900000000000000000e+01 1.265306122448979664e+00 6.200000000000000000e+01
4.900000000000000000e+01 2.061020408163265483e+00 1.009900000000000091e+02
4.900000000000000000e+01 8.904081632653061407e-01 4.363000000000000256e+01
4.800000000000000000e+01 1.938958333333333117e+00 9.306999999999999318e+01
4.900000000000000000e+01 3.992653061224489708e+00 1.956399999999999864e+02
4.900000000000000000e+01 1.165918367346938878e+00 5.713000000000000256e+01
4.900000000000000000e+01 1.534897959183673333e+00 7.520999999999999375e+01
4.900000000000000000e+01 6.459183673469388598e-01 3.165000000000000213e+01
4.900000000000000000e+01 1.780204081632652757e+00 8.722999999999998977e+01
4.900000000000000000e+01 1.992653061224490152e+00 9.764000000000001478e+01
4.900000000000000000e+01 1.699387755102041098e+00 8.327000000000001023e+01
4.900000000000000000e+01 2.004489795918367179e+00 9.821999999999999886e+01
4.900000000000000000e+01 8.089795918367347349e-01 3.964000000000000057e+01
4.900000000000000000e+01 1.905102040816326392e+00 9.334999999999999432e+01
4.900000000000000000e+01 9.018367346938774842e-01 4.418999999999999773e+01
4.900000000000000000e+01 1.553469387755102238e+00 7.612000000000000455e+01
4.900000000000000000e+01 2.503877551020408099e+00 1.226899999999999977e+02
4.900000000000000000e+01 1.531020408163265456e+00 7.502000000000001023e+01
4.900000000000000000e+01 1.675714285714285712e+00 8.210999999999999943e+01
4.900000000000000000e+01 3.548979591836734393e+00 1.738999999999999773e+02
4.900000000000000000e+01 3.397346938775510861e+00 1.664700000000000273e+02
4.900000000000000000e+01 4.512857142857142456e+00 2.211299999999999955e+02
4.900000000000000000e+01 2.885306122448979327e+00 1.413799999999999955e+02
4.900000000000000000e+01 2.912244897959183287e+00 1.426999999999999886e+02
4.900000000000000000e+01 1.369591836734693757e+00 6.710999999999999943e+01
4.800000000000000000e+01 2.529999999999999805e+00 1.214399999999999977e+02
4.800000000000000000e+01 1.767083333333333117e+00 8.481999999999999318e+01
4.900000000000000000e+01 1.351224489795918471e+00 6.621000000000000796e+01
4.900000000000000000e+01 2.836326530612245378e+00 1.389800000000000182e+02
4.900000000000000000e+01 1.054693877551020398e+00 5.167999999999999972e+01
4.900000000000000000e+01 2.055510204081632430e+00 1.007199999999999989e+02
4.900000000000000000e+01 2.164693877551020051e+00 1.060699999999999932e+02
4.900000000000000000e+01 3.061632653061224119e+00 1.500199999999999818e+02
4.900000000000000000e+01 3.556326530612245129e+00 1.742600000000000193e+02
4.900000000000000000e+01 1.614081632653060927e+00 7.908999999999998920e+01
4.900000000000000000e+01 2.974285714285714644e+00 1.457400000000000091e+02
4.900000000000000000e+01 1.803673469387754968e+00 8.837999999999999545e+01
4.900000000000000000e+01 2.562857142857142723e+00 1.255799999999999983e+02
4.900000000000000000e+01 3.003265306122449019e+00 1.471599999999999966e+02
4.900000000000000000e+01 2.833469387755102264e+00 1.388400000000000034e+02
4.900000000000000000e+01 4.146938775510204067e+00 2.031999999999999886e+02
4.900000000000000000e+01 1.993265306122449232e+00 9.767000000000001592e+01
4.900000000000000000e+01 2.335918367346939029e+00 1.144600000000000080e+02
4.900000000000000000e+01 2.073061224489795684e+00 1.015799999999999983e+02
4.900000000000000000e+01 1.667142857142857038e+00 8.168999999999999773e+01
4.900000000000000000e+01 2.565306122448979487e+00 1.256999999999999886e+02
4.900000000000000000e+01 1.452857142857142847e+00 7.118999999999999773e+01
4.900000000000000000e+01 1.742857142857142883e+00 8.540000000000000568e+01
4.900000000000000000e+01 1.063265306122449072e+00 5.210000000000000142e+01
4.900000000000000000e+01 1.235510204081632590e+00 6.053999999999999915e+01
4.900000000000000000e+01 1.120816326530612139e+00 5.491999999999999460e+01
4.900000000000000000e+01 6.320408163265306412e-01 3.096999999999999886e+01
4.900000000000000000e+01 6.206122448979590756e-01 3.040999999999999659e+01
4.900000000000000000e+01 2.951020408163265718e-01 1.446000000000000085e+01
4.900000000000000000e+01 7.387755102040817201e-01 3.620000000000000284e+01
4.900000000000000000e+01 1.367142857142857437e+00 6.699000000000000909e+01
4.900000000000000000e+01 1.545714285714285596e+00 7.573999999999999488e+01
4.900000000000000000e+01 1.239591836734693864e+00 6.074000000000000199e+01
4.900000000000000000e+01 1.041224489795918640e+00 5.102000000000001023e+01
4.900000000000000000e+01 1.784897959183673333e+00 8.745999999999999375e+01
4.900000000000000000e+01 1.420816326530612406e+00 6.962000000000000455e+01
4.900000000000000000e+01 1.805918367346939002e+00 8.849000000000000909e+01
4.900000000000000000e+01 3.147551020408163591e+00 1.542300000000000182e+02
4.900000000000000000e+01 1.756122448979591688e+00 8.604999999999999716e+01
4.900000000000000000e+01 1.946938775510204112e+00 9.540000000000000568e+01
4.900000000000000000e+01 1.121836734693877569e+00 5.496999999999999886e+01
