2.300000000000000000e+01 0.000000000000000000e+00 0.000000000000000000e+00
6.900000000000000000e+01 9.772463768115940752e+00 6.742999999999999545e+02
6.900000000000000000e+01 8.077826086956521934e+00 5.573700000000000045e+02
6.900000000000000000e+01 7.072318840579709942e+00 4.879900000000000091e+02
6.900000000000000000e+01 6.860724637681159699e+00 4.733900000000000432e+02
6.900000000000000000e+01 3.533768115942028665e+00 2.438299999999999841e+02
6.900000000000000000e+01 2.495652173913043281e+00 1.721999999999999886e+02
6.900000000000000000e+01 3.950000000000000178e+00 2.725500000000000114e+02
6.900000000000000000e+01 5.116666666666667140e+00 3.530500000000000114e+02
6.900000000000000000e+01 5.765362318840580258e+00 3.978100000000000591e+02
6.900000000000000000e+01 4.271449275362318332e+00 2.947299999999999613e+02
6.900000000000000000e+01 4.361594202898550598e+00 3.009499999999999886e+02
6.900000000000000000e+01 3.270289855072463503e+00 2.256499999999999773e+02
6.900000000000000000e+01 1.829130434782608505e+00 1.262099999999999937e+02
6.900000000000000000e+01 4.404347826086956630e+00 3.038999999999999773e+02
6.900000000000000000e+01 4.237826086956521188e+00 2.924099999999999682e+02
6.900000000000000000e+01 4.502318840579710546e+00 3.106600000000000250e+02
6.900000000000000000e+01 2.892463768115941747e+00 1.995799999999999841e+02
6.900000000000000000e+01 3.290724637681158971e+00 2.270599999999999739e+02
6.900000000000000000e+01 1.616666666666666918e+00 1.115500000000000114e+02
6.900000000000000000e+01 1.048550724637681064e+00 7.234999999999999432e+01
6.900000000000000000e+01 2.327536231884058449e+00 1.606000000000000227e+02
6.900000000000000000e+01 4.066666666666667318e+00 2.806000000000000227e+02
6.900000000000000000e+01 2.721594202898550474e+00 1.877899999999999920e+02
6.900000000000000000e+01 3.105072463768115743e+00 2.142500000000000000e+02
6.900000000000000000e+01 1.689999999999999947e+00 1.166099999999999994e+02
6.900000000000000000e+01 2.752463768115942067e+00 1.899200000000000159e+02
6.900000000000000000e+01 2.616086956521738838e+00 1.805099999999999909e+02
6.900000000000000000e+01 2.880289855072463823e+00 1.987400000000000091e+02
6.900000000000000000e+01 1.750000000000000000e+00 1.207500000000000000e+02
6.800000000000000000e+01 5.251470588235294112e-01 3.571000000000000085e+01
6.900000000000000000e+01 1.692028985507246341e+00 1.167500000000000000e+02
6.900000000000000000e+01 1.232463768115941827e+00 8.503999999999999204e+01
6.900000000000000000e+01 1.875362318840579912e-01 1.294000000000000128e+01
6.900000000000000000e+01 2.330724637681159450e+00 1.608199999999999932e+02
6.900000000000000000e+01 1.700579710144927370e+00 1.173399999999999892e+02
6.900000000000000000e+01 2.098260869565217401e+00 1.447800000000000011e+02
6.900000000000000000e+01 2.314057971014492843e+00 1.596700000000000159e+02
6.900000000000000000e+01 2.997681159420290342e+00 2.068400000000000318e+02
6.900000000000000000e+01 1.685362318840579965e+00 1.162900000000000205e+02
6.900000000000000000e+01 7.288405797101449313e-01 5.028999999999999915e+01
6.900000000000000000e+01 2.878550724637681135e+00 1.986200000000000045e+02
6.900000000000000000e+01 1.181159420289854989e+00 8.150000000000000000e+01
6.900000000000000000e+01 1.019565217391304346e+00 7.034999999999999432e+01
6.900000000000000000e+01 2.243623188405796665e+00 1.548099999999999739e+02
6.900000000000000000e+01 1.232753623188405756e+00 8.506000000000000227e+01
6.900000000000000000e+01 7.384057971014492683e-01 5.094999999999999574e+01
6.900000000000000000e+01 1.000579710144927637e+00 6.904000000000000625e+01
6.900000000000000000e+01 2.124202898550724417e+00 1.465699999999999932e+02
6.900000000000000000e+01 8.537681159420289490e-01 5.890999999999999659e+01
6.900000000000000000e+01 2.287536231884057969e+00 1.578400000000000034e+02
6.900000000000000000e+01 1.279275362318840426e+00 8.826999999999999602e+01
6.900000000000000000e+01 1.085072463768115947e+00 7.487000000000000455e+01
6.900000000000000000e+01 1.079855072463768106e+00 7.451000000000000512e+01
6.900000000000000000e+01 1.642028985507246519e+00 1.133000000000000114e+02
6.900000000000000000e+01 9.159420289855071395e-01 6.319999999999999574e+01
6.900000000000000000e+01 1.254782608695652169e+00 8.657999999999999829e+01
6.900000000000000000e+01 3.623188405797100886e-01 2.499999999999999645e+01
6.900000000000000000e+01 2.572463768115941796e-01 1.775000000000000000e+01
6.900000000000000000e+01 2.018840579710145189e+00 1.393000000000000114e+02
6.900000000000000000e+01 6.439130434782608381e-01 4.442999999999999972e+01
6.900000000000000000e+01 1.696231884057970873e+00 1.170399999999999920e+02
6.900000000000000000e+01 1.621159420289855158e+00 1.118599999999999994e+02
6.900000000000000000e+01 1.467391304347826164e+00 1.012500000000000000e+02
6.900000000000000000e+01 9.694202898550724479e-01 6.689000000000000057e+01
6.900000000000000000e+01 2.483478260869565357e+00 1.713600000000000136e+02
6.900000000000000000e+01 1.262753623188406005e+00 8.713000000000000966e+01
6.900000000000000000e+01 6.257971014492754724e-01 4.318000000000000682e+01
6.900000000000000000e+01 1.651739130434782821e+00 1.139700000000000131e+02
6.900000000000000000e+01 9.098550724637680664e-01 6.277999999999999403e+01
6.900000000000000000e+01 4.282608695652174169e-01 2.955000000000000071e+01
6.900000000000000000e+01 2.702463768115941800e+00 1.864699999999999989e+02
6.900000000000000000e+01 1.901304347826086927e+00 1.311899999999999977e+02
6.900000000000000000e+01 1.375797101449275361e+00 9.492999999999999261e+01
6.900000000000000000e+01 1.258405797101449286e+00 8.682999999999999829e+01
6.900000000000000000e+01 8.010144927536232418e-01 5.527000000000000313e+01
6.900000000000000000e+01 5.407246376811594146e-01 3.731000000000000227e+01
6.900000000000000000e+01 1.226376811594202865e+00 8.461999999999999034e+01
6.900000000000000000e+01 1.349565217391304417e+00 9.312000000000000455e+01
6.900000000000000000e+01 9.108695652173913748e-01 6.285000000000000142e+01
6.900000000000000000e+01 7.844927536231883769e-01 5.412999999999999545e+01
6.900000000000000000e+01 1.879565217391304222e+00 1.296899999999999977e+02
6.900000000000000000e+01 1.288405797101449091e+00 8.889999999999999147e+01
6.900000000000000000e+01 3.340434782608695752e+00 2.304900000000000091e+02
6.900000000000000000e+01 3.108695652173913082e+00 2.145000000000000000e+02
6.900000000000000000e+01 3.178405797101448993e+00 2.193099999999999739e+02
6.900000000000000000e+01 2.221739130434782883e+00 1.533000000000000114e+02
6.900000000000000000e+01 1.796956521739130341e+00 1.239899999999999949e+02
6.900000000000000000e+01 3.233043478260869907e+00 2.230800000000000125e+02
6.900000000000000000e+01 2.395362318840579707e+00 1.652800000000000011e+02
6.900000000000000000e+01 1.911304347826086936e+00 1.318799999999999955e+02
6.900000000000000000e+01 1.832463768115941916e+00 1.264399999999999977e+02
6.900000000000000000e+01 2.073913043478260665e+00 1.430999999999999943e+02
6.900000000000000000e+01 1.546521739130434892e+00 1.067100000000000080e+02
6.900000000000000000e+01 1.814347826086956550e+00 1.251899999999999977e+02
6.900000000000000000e+01 2.221739130434782883e+00 1.533000000000000114e+02
6.900000000000000000e+01 1.570724637681159441e+00 1.083799999999999955e+02
6.900000000000000000e+01 6.894202898550724212e-01 4.757000000000000028e+01
6.900000000000000000e+01 1.196376811594202838e+00 8.254999999999999716e+01
6.900000000000000000e+01 8.781159420289854634e-01 6.058999999999999631e+01
