2.400000000000000000e+01 0.000000000000000000e+00 0.000000000000000000e+00
4.300000000000000000e+02 1.650534883720930379e+00 7.097300000000000182e+02
4.480000000000000000e+02 2.075602678571428328e+00 9.298699999999998909e+02
4.630000000000000000e+02 1.498077753779697652e+00 6.936100000000000136e+02
4.740000000000000000e+02 2.011814345991560948e+00 9.535999999999999091e+02
4.740000000000000000e+02 1.674578059071729852e+00 7.937500000000000000e+02
4.740000000000000000e+02 9.014345991561183435e-01 4.272800000000000864e+02
4.740000000000000000e+02 1.517383966244725713e+00 7.192400000000000091e+02
4.740000000000000000e+02 1.624873417721519164e+00 7.701900000000000546e+02
4.750000000000000000e+02 8.245684210526316171e-01 3.916700000000000159e+02
4.750000000000000000e+02 5.364631578947368640e-01 2.548199999999999932e+02
4.750000000000000000e+02 6.940631578947368263e-01 3.296800000000000068e+02
4.750000000000000000e+02 2.780842105263158226e-01 1.320900000000000034e+02
4.830000000000000000e+02 9.759627329192546163e-01 4.713899999999999864e+02
4.870000000000000000e+02 5.646201232032853623e-01 2.749699999999999704e+02
4.900000000000000000e+02 2.634489795918367183e-01 1.290900000000000034e+02
4.900000000000000000e+02 2.118571428571428827e-01 1.038100000000000165e+02
4.890000000000000000e+02 3.084458077709610890e-01 1.508299999999999841e+02
4.880000000000000000e+02 5.299180327868853180e-01 2.586000000000000227e+02
4.890000000000000000e+02 6.575869120654398436e-01 3.215600000000000591e+02
4.860000000000000000e+02 2.066255144032921598e-01 1.004199999999999875e+02
4.840000000000000000e+02 1.059090909090909111e-01 5.125999999999999801e+01
4.900000000000000000e+02 1.227959183673469346e-01 6.016999999999999460e+01
4.890000000000000000e+02 5.124744376278118907e-02 2.506000000000000227e+01
4.850000000000000000e+02 1.368453608247422737e-01 6.637000000000000455e+01
4.890000000000000000e+02 2.150306748466257745e-01 1.051500000000000057e+02
4.880000000000000000e+02 4.025409836065573788e-01 1.964399999999999977e+02
4.860000000000000000e+02 4.536008230452674428e-01 2.204499999999999886e+02
4.880000000000000000e+02 3.930327868852458856e-02 1.917999999999999972e+01
4.900000000000000000e+02 7.010204081632652462e-02 3.434999999999999432e+01
4.880000000000000000e+02 1.091803278688524559e-01 5.328000000000000114e+01
4.870000000000000000e+02 7.700205338809035238e-02 3.750000000000000000e+01
4.890000000000000000e+02 4.910224948875255846e-01 2.401100000000000136e+02
4.890000000000000000e+02 1.250306748466257778e-01 6.114000000000000057e+01
4.870000000000000000e+02 3.290349075975358972e-01 1.602399999999999807e+02
4.900000000000000000e+02 1.663469387755101836e-01 8.150999999999999091e+01
4.890000000000000000e+02 3.930470347648261364e-02 1.921999999999999886e+01
4.890000000000000000e+02 4.940490797546012169e-01 2.415900000000000034e+02
4.900000000000000000e+02 3.962653061224490347e-01 1.941700000000000159e+02
4.890000000000000000e+02 1.639672801635991828e-01 8.018000000000000682e+01
4.890000000000000000e+02 5.476073619631901535e-01 2.677799999999999727e+02
4.910000000000000000e+02 1.084317718940936842e-01 5.324000000000000199e+01
4.890000000000000000e+02 4.462167689161554429e-02 2.182000000000000028e+01
4.890000000000000000e+02 2.048670756646217006e-01 1.001800000000000068e+02
4.890000000000000000e+02 7.470347648261758955e-02 3.653000000000000114e+01
4.880000000000000000e+02 6.327868852459016258e-02 3.088000000000000256e+01
4.890000000000000000e+02 1.555828220858895550e-01 7.607999999999999829e+01
4.850000000000000000e+02 9.362680412371133798e-01 4.540899999999999750e+02
4.830000000000000000e+02 5.749275362318840843e-01 2.776899999999999977e+02
4.850000000000000000e+02 1.101030927835051493e-01 5.339999999999999858e+01
4.840000000000000000e+02 4.487603305785124036e-02 2.171999999999999886e+01
4.820000000000000000e+02 1.160165975103734648e-01 5.592000000000000881e+01
4.850000000000000000e+02 2.874226804123711232e-01 1.394000000000000057e+02
4.880000000000000000e+02 4.089959016393443503e-01 1.995900000000000318e+02
4.890000000000000000e+02 3.962576687116564633e-01 1.937700000000000102e+02
4.880000000000000000e+02 1.763524590163934591e-01 8.606000000000000227e+01
4.880000000000000000e+02 1.105327868852459122e-01 5.394000000000000483e+01
4.850000000000000000e+02 1.175257731958762736e-02 5.699999999999999289e+00
4.870000000000000000e+02 1.037987679671457941e-01 5.055000000000000426e+01
4.870000000000000000e+02 4.853182751540041084e-01 2.363499999999999943e+02
4.850000000000000000e+02 1.636082474226804029e-01 7.934999999999999432e+01
4.900000000000000000e+02 1.416734693877551021e-01 6.942000000000000171e+01
4.910000000000000000e+02 6.977596741344196385e-01 3.426000000000000227e+02
4.920000000000000000e+02 6.898373983739837512e-02 3.393999999999999773e+01
4.910000000000000000e+02 9.940936863543786695e-02 4.880999999999999517e+01
4.910000000000000000e+02 1.018737270875763878e-01 5.002000000000000313e+01
4.890000000000000000e+02 3.446625766871165841e-01 1.685400000000000205e+02
4.900000000000000000e+02 3.239387755102041133e-01 1.587300000000000182e+02
4.890000000000000000e+02 6.386298568507158269e-01 3.122900000000000205e+02
4.890000000000000000e+02 8.940695296523516744e-02 4.371999999999999886e+01
4.870000000000000000e+02 0.000000000000000000e+00 0.000000000000000000e+00
4.850000000000000000e+02 1.611134020618556761e-01 7.814000000000000057e+01
4.870000000000000000e+02 3.606160164271047242e-01 1.756200000000000045e+02
4.880000000000000000e+02 2.973360655737704999e-02 1.450999999999999979e+01
4.880000000000000000e+02 1.366803278688524526e-01 6.670000000000000284e+01
4.880000000000000000e+02 1.083401639344262202e-01 5.286999999999999744e+01
4.870000000000000000e+02 5.755646817248459557e-02 2.802999999999999758e+01
4.860000000000000000e+02 4.277777777777777568e-02 2.078999999999999915e+01
4.840000000000000000e+02 1.022933884297520662e-01 4.950999999999999801e+01
4.850000000000000000e+02 2.340206185567010599e-02 1.135000000000000142e+01
4.920000000000000000e+02 2.481097560975609739e-01 1.220699999999999932e+02
4.900000000000000000e+02 1.644897959183673486e-02 8.060000000000000497e+00
4.870000000000000000e+02 1.977412731006160038e-02 9.629999999999999005e+00
4.850000000000000000e+02 1.196701030927834891e-01 5.803999999999999204e+01
4.860000000000000000e+02 5.545267489711934450e-02 2.695000000000000284e+01
4.870000000000000000e+02 2.330595482546200803e-02 1.134999999999999787e+01
4.860000000000000000e+02 2.309876543209876398e-01 1.122599999999999909e+02
4.860000000000000000e+02 7.553497942386831754e-02 3.671000000000000085e+01
4.860000000000000000e+02 2.240534979423868256e-01 1.088900000000000006e+02
4.880000000000000000e+02 4.404713114754097991e-01 2.149499999999999886e+02
4.920000000000000000e+02 7.259959349593494427e-01 3.571899999999999409e+02
4.900000000000000000e+02 6.960816326530613329e-01 3.410800000000000409e+02
4.920000000000000000e+02 1.608943089430894258e-01 7.915999999999999659e+01
4.890000000000000000e+02 7.950920245398773734e-02 3.888000000000000256e+01
4.870000000000000000e+02 1.589527720739219718e-01 7.740999999999999659e+01
4.870000000000000000e+02 6.562628336755646496e-02 3.195999999999999730e+01
4.870000000000000000e+02 3.019712525667351266e-01 1.470600000000000023e+02
4.870000000000000000e+02 1.624024640657084351e-01 7.909000000000000341e+01
4.880000000000000000e+02 9.213114754098360171e-02 4.496000000000000085e+01
4.880000000000000000e+02 2.887295081967213017e-02 1.408999999999999986e+01
