2.400000000000000000e+01 0.000000000000000000e+00 0.000000000000000000e+00
9.900000000000000000e+01 5.913737373737372849e+00 5.854599999999999227e+02
9.900000000000000000e+01 3.426969696969696777e+00 3.392699999999999818e+02
9.900000000000000000e+01 2.572626262626262594e+00 2.546899999999999977e+02
9.900000000000000000e+01 2.246262626262626405e+00 2.223800000000000239e+02
9.900000000000000000e+01 2.213737373737373559e+00 2.191599999999999682e+02
9.900000000000000000e+01 2.553737373737373861e+00 2.528199999999999932e+02
9.900000000000000000e+01 3.662020202020202397e+00 3.625400000000000205e+02
9.900000000000000000e+01 3.381212121212121779e+00 3.347400000000000659e+02
9.900000000000000000e+01 2.991414141414141081e+00 2.961499999999999773e+02
9.900000000000000000e+01 2.881919191919191992e+00 2.853100000000000023e+02
9.900000000000000000e+01 2.688181818181818006e+00 2.661299999999999955e+02
9.900000000000000000e+01 2.339393939393939803e+00 2.316000000000000227e+02
9.900000000000000000e+01 1.744646464646464334e+00 1.727199999999999704e+02
9.900000000000000000e+01 1.304040404040403889e+00 1.290999999999999943e+02
9.900000000000000000e+01 1.428484848484848690e+00 1.414200000000000159e+02
9.900000000000000000e+01 3.204040404040403800e+00 3.171999999999999886e+02
9.900000000000000000e+01 2.104343434343434183e+00 2.083299999999999841e+02
9.900000000000000000e+01 1.537979797979797780e+00 1.522599999999999909e+02
9.900000000000000000e+01 7.818181818181818565e-01 7.740000000000000568e+01
9.900000000000000000e+01 6.931313131313131537e-01 6.862000000000000455e+01
9.900000000000000000e+01 5.585858585858585190e-01 5.529999999999999716e+01
9.900000000000000000e+01 1.043737373737373630e+00 1.033299999999999983e+02
9.700000000000000000e+01 7.021649484536082175e-01 6.810999999999999943e+01
9.700000000000000000e+01 2.898969072164948035e-01 2.811999999999999744e+01
9.900000000000000000e+01 1.570808080808080653e+00 1.555099999999999909e+02
9.900000000000000000e+01 8.997979797979795968e-01 8.907999999999998408e+01
9.900000000000000000e+01 7.950505050505051186e-01 7.871000000000000796e+01
9.900000000000000000e+01 1.289393939393939537e+00 1.276500000000000057e+02
9.800000000000000000e+01 5.461224489795918347e-01 5.351999999999999602e+01
9.800000000000000000e+01 2.028571428571428747e-01 1.988000000000000256e+01
9.900000000000000000e+01 1.829090909090909323e+00 1.810800000000000125e+02
9.900000000000000000e+01 1.630101010101010051e+00 1.613799999999999955e+02
9.900000000000000000e+01 7.940404040404042130e-01 7.861000000000001364e+01
9.900000000000000000e+01 6.517171717171716949e-01 6.451999999999999602e+01
9.900000000000000000e+01 9.081818181818183122e-01 8.991000000000001080e+01
9.900000000000000000e+01 4.108080808080808444e-01 4.067000000000000171e+01
9.900000000000000000e+01 9.769696969696969324e-01 9.671999999999999886e+01
9.900000000000000000e+01 2.746464646464646386e-01 2.719000000000000128e+01
9.900000000000000000e+01 7.857575757575757658e-01 7.779000000000000625e+01
9.900000000000000000e+01 5.770707070707070674e-01 5.713000000000000256e+01
9.900000000000000000e+01 7.088888888888890127e-01 7.018000000000000682e+01
9.900000000000000000e+01 5.345454545454545459e-01 5.292000000000000171e+01
9.900000000000000000e+01 1.803636363636363704e+00 1.785600000000000023e+02
9.900000000000000000e+01 1.513939393939393918e+00 1.498799999999999955e+02
9.900000000000000000e+01 1.960909090909090935e+00 1.941299999999999955e+02
9.900000000000000000e+01 1.786161616161616283e+00 1.768300000000000125e+02
9.900000000000000000e+01 6.259595959595959380e-01 6.196999999999999886e+01
9.900000000000000000e+01 1.179191919191919125e+00 1.167399999999999949e+02
9.900000000000000000e+01 1.461111111111110805e+00 1.446499999999999773e+02
9.900000000000000000e+01 1.220606060606060694e+00 1.208400000000000034e+02
9.900000000000000000e+01 8.436363636363637397e-01 8.352000000000001023e+01
9.900000000000000000e+01 9.107070707070706872e-01 9.015999999999999659e+01
9.900000000000000000e+01 1.914040404040404431e+00 1.894900000000000375e+02
9.900000000000000000e+01 1.699292929292929522e+00 1.682300000000000182e+02
9.900000000000000000e+01 1.171111111111110992e+00 1.159399999999999977e+02
9.900000000000000000e+01 1.038080808080807937e+00 1.027699999999999960e+02
9.900000000000000000e+01 1.063838383838383805e+00 1.053199999999999932e+02
9.900000000000000000e+01 1.062424242424242493e+00 1.051800000000000068e+02
9.900000000000000000e+01 9.908080808080808044e-01 9.809000000000000341e+01
9.900000000000000000e+01 1.180202020202020252e+00 1.168400000000000034e+02
9.900000000000000000e+01 8.570707070707069830e-01 8.484999999999999432e+01
9.900000000000000000e+01 2.423838383838384125e+00 2.399600000000000364e+02
9.900000000000000000e+01 1.679999999999999938e+00 1.663199999999999932e+02
9.900000000000000000e+01 9.547474747474746781e-01 9.451999999999999602e+01
9.900000000000000000e+01 8.257575757575759123e-01 8.175000000000001421e+01
9.900000000000000000e+01 3.401010101010101261e-01 3.367000000000000171e+01
9.900000000000000000e+01 1.390909090909090984e-01 1.376999999999999957e+01
9.900000000000000000e+01 1.427272727272727471e+00 1.413000000000000114e+02
9.900000000000000000e+01 9.490909090909092072e-01 9.396000000000000796e+01
9.900000000000000000e+01 4.145454545454545503e-01 4.103999999999999915e+01
9.900000000000000000e+01 4.101010101010100217e-01 4.059999999999999432e+01
9.900000000000000000e+01 2.769696969696969768e-01 2.742000000000000171e+01
9.900000000000000000e+01 2.696969696969697128e-01 2.669999999999999929e+01
9.900000000000000000e+01 2.249494949494949547e-01 2.226999999999999957e+01
9.900000000000000000e+01 3.739393939393939048e-01 3.701999999999999602e+01
9.900000000000000000e+01 2.625252525252524949e-01 2.598999999999999844e+01
9.900000000000000000e+01 6.277777777777777679e-01 6.214999999999999858e+01
9.900000000000000000e+01 1.111919191919191974e+00 1.100799999999999983e+02
9.900000000000000000e+01 8.942424242424242831e-01 8.853000000000000114e+01
9.900000000000000000e+01 2.122727272727272574e+00 2.101500000000000057e+02
9.900000000000000000e+01 3.031414141414141561e+00 3.001100000000000136e+02
9.900000000000000000e+01 2.133838383838384090e+00 2.112500000000000284e+02
9.900000000000000000e+01 2.355959595959595809e+00 2.332399999999999807e+02
9.900000000000000000e+01 1.760101010101010166e+00 1.742500000000000000e+02
9.900000000000000000e+01 1.291515151515151505e+00 1.278599999999999994e+02
9.900000000000000000e+01 1.047070707070707041e+00 1.036599999999999966e+02
9.800000000000000000e+01 4.094897959183673164e-01 4.012999999999999545e+01
9.800000000000000000e+01 9.663265306122448273e-02 9.469999999999998863e+00
9.900000000000000000e+01 6.703030303030302894e-01 6.635999999999999943e+01
9.900000000000000000e+01 1.459292929292929308e+00 1.444699999999999989e+02
9.900000000000000000e+01 5.221212121212120971e-01 5.168999999999999773e+01
9.900000000000000000e+01 6.728282828282826644e-01 6.660999999999998522e+01
9.900000000000000000e+01 5.385858585858586123e-01 5.332000000000000028e+01
9.900000000000000000e+01 2.479797979797979945e-01 2.455000000000000071e+01
9.900000000000000000e+01 1.589494949494949738e+00 1.573600000000000136e+02
9.900000000000000000e+01 2.352424242424242529e+00 2.328900000000000148e+02
9.900000000000000000e+01 7.935353535353535381e-01 7.856000000000000227e+01
9.900000000000000000e+01 1.266565656565656450e+00 1.253899999999999864e+02
9.900000000000000000e+01 1.973737373737373790e+00 1.954000000000000057e+02
