2.400000000000000000e+01 0.000000000000000000e+00 0.000000000000000000e+00
7.900000000000000000e+01 7.465569620253165617e+00 5.897800000000000864e+02
7.900000000000000000e+01 4.074430379746835307e+00 3.218799999999999955e+02
7.900000000000000000e+01 6.459620253164556125e+00 5.103099999999999454e+02
7.900000000000000000e+01 6.965569620253165617e+00 5.502800000000000864e+02
7.900000000000000000e+01 5.745189873417721138e+00 4.538699999999999477e+02
7.900000000000000000e+01 6.197974683544303254e+00 4.896399999999999864e+02
7.900000000000000000e+01 3.571392405063291697e+00 2.821400000000000432e+02
7.900000000000000000e+01 5.415189873417721067e+00 4.277999999999999545e+02
7.900000000000000000e+01 5.506455696202531946e+00 4.350100000000000477e+02
7.900000000000000000e+01 4.682151898734177031e+00 3.698899999999999864e+02
7.900000000000000000e+01 5.988354430379746240e+00 4.730799999999999841e+02
7.900000000000000000e+01 3.244050632911391840e+00 2.562799999999999727e+02
7.900000000000000000e+01 5.178734177215189582e+00 4.091200000000000045e+02
7.900000000000000000e+01 3.004556962025316746e+00 2.373600000000000136e+02
7.900000000000000000e+01 3.090379746835442809e+00 2.441399999999999864e+02
7.900000000000000000e+01 3.774303797468354649e+00 2.981700000000000159e+02
7.900000000000000000e+01 1.872405063291139093e+00 1.479199999999999875e+02
7.900000000000000000e+01 2.042784810126582418e+00 1.613799999999999955e+02
7.900000000000000000e+01 1.127088607594936898e+00 8.904000000000000625e+01
7.900000000000000000e+01 1.558354430379746969e+00 1.231100000000000136e+02
7.900000000000000000e+01 2.481139240506329280e+00 1.960100000000000193e+02
7.900000000000000000e+01 2.281265822784809938e+00 1.802199999999999989e+02
7.900000000000000000e+01 1.607974683544303840e+00 1.270300000000000011e+02
7.900000000000000000e+01 1.024050632911392533e+00 8.090000000000000568e+01
7.900000000000000000e+01 3.121898734177215307e+00 2.466299999999999955e+02
7.900000000000000000e+01 2.483417721518987431e+00 1.961899999999999977e+02
7.900000000000000000e+01 1.621265822784810240e+00 1.280800000000000125e+02
7.900000000000000000e+01 2.745189873417722026e+00 2.168700000000000330e+02
7.900000000000000000e+01 9.732911392405063644e-01 7.689000000000000057e+01
7.900000000000000000e+01 1.735949367088607698e+00 1.371400000000000148e+02
7.900000000000000000e+01 2.699493670886076391e+00 2.132600000000000193e+02
7.900000000000000000e+01 4.235063291139240071e+00 3.345699999999999932e+02
7.900000000000000000e+01 5.491518987341772018e+00 4.338299999999999841e+02
7.900000000000000000e+01 2.995822784810126205e+00 2.366699999999999875e+02
7.900000000000000000e+01 3.775949367088608621e+00 2.983000000000000682e+02
7.900000000000000000e+01 1.681265822784810071e+00 1.328199999999999932e+02
7.900000000000000000e+01 3.337215189873417476e+00 2.636399999999999864e+02
7.900000000000000000e+01 2.941392405063291360e+00 2.323700000000000330e+02
7.900000000000000000e+01 1.506962025316455733e+00 1.190499999999999972e+02
7.900000000000000000e+01 1.872911392405063769e+00 1.479600000000000364e+02
7.900000000000000000e+01 1.209620253164557013e+00 9.556000000000000227e+01
7.900000000000000000e+01 1.554683544303797404e+00 1.228199999999999932e+02
7.900000000000000000e+01 2.154177215189873706e+00 1.701800000000000068e+02
7.900000000000000000e+01 1.723417721518987422e+00 1.361500000000000057e+02
7.900000000000000000e+01 1.848101265822784889e+00 1.460000000000000000e+02
7.900000000000000000e+01 8.278481012658228666e-01 6.540000000000000568e+01
7.900000000000000000e+01 6.789873417721519200e-01 5.364000000000000057e+01
7.900000000000000000e+01 1.731645569620253178e-01 1.367999999999999972e+01
7.900000000000000000e+01 9.363291139240506045e-01 7.396999999999999886e+01
7.900000000000000000e+01 3.869873417721518827e+00 3.057199999999999704e+02
7.900000000000000000e+01 2.564810126582278471e+00 2.026200000000000045e+02
7.900000000000000000e+01 2.167468354430379662e+00 1.712299999999999898e+02
7.900000000000000000e+01 5.554430379746835289e-01 4.387999999999999545e+01
7.900000000000000000e+01 1.187341772151898622e+00 9.379999999999999716e+01
7.900000000000000000e+01 8.313924050632912621e-01 6.568000000000000682e+01
7.900000000000000000e+01 1.557215189873417893e+00 1.230200000000000102e+02
7.900000000000000000e+01 8.702531645569620000e-01 6.875000000000000000e+01
7.900000000000000000e+01 2.089873417721519189e-01 1.651000000000000156e+01
7.900000000000000000e+01 1.018354430379746933e+00 8.045000000000000284e+01
7.900000000000000000e+01 6.563291139240506888e-01 5.185000000000000142e+01
7.900000000000000000e+01 4.998734177215189423e-01 3.948999999999999488e+01
7.900000000000000000e+01 3.678734177215190027e+00 2.906200000000000045e+02
7.900000000000000000e+01 1.406329113924050578e+00 1.110999999999999943e+02
7.900000000000000000e+01 2.470253164556962311e+00 1.951500000000000057e+02
7.900000000000000000e+01 1.299493670886075813e+00 1.026599999999999966e+02
7.900000000000000000e+01 1.054430379746835511e+00 8.329999999999999716e+01
7.900000000000000000e+01 1.211898734177214942e+00 9.573999999999998067e+01
7.900000000000000000e+01 2.701392405063291591e+00 2.134100000000000250e+02
7.900000000000000000e+01 2.742531645569620036e+00 2.166599999999999682e+02
7.900000000000000000e+01 1.517721518987341645e+00 1.198999999999999915e+02
7.900000000000000000e+01 1.387594936708860915e+00 1.096200000000000045e+02
7.900000000000000000e+01 7.681012658227848178e-01 6.067999999999999972e+01
7.900000000000000000e+01 4.682278481012657756e-01 3.698999999999999488e+01
7.900000000000000000e+01 2.193670886075949511e+00 1.733000000000000114e+02
7.900000000000000000e+01 2.612658227848101422e-01 2.064000000000000057e+01
7.900000000000000000e+01 9.768354430379747599e-01 7.717000000000000171e+01
7.900000000000000000e+01 1.079746835443037956e+00 8.529999999999999716e+01
7.900000000000000000e+01 4.075949367088608222e-01 3.220000000000000284e+01
7.900000000000000000e+01 6.613924050632911111e-01 5.225000000000000000e+01
7.900000000000000000e+01 2.901012658227848373e+00 2.291800000000000068e+02
7.900000000000000000e+01 2.754683544303797582e+00 2.176200000000000045e+02
7.900000000000000000e+01 1.676455696202531653e+00 1.324399999999999977e+02
7.900000000000000000e+01 1.689746835443038053e+00 1.334900000000000091e+02
7.900000000000000000e+01 2.077468354430379360e+00 1.641199999999999761e+02
7.900000000000000000e+01 1.556329113924050933e+00 1.229500000000000171e+02
7.900000000000000000e+01 2.237088607594936551e+00 1.767299999999999898e+02
7.900000000000000000e+01 1.072278481012658435e+00 8.471000000000000796e+01
7.900000000000000000e+01 1.925949367088607200e+00 1.521499999999999773e+02
7.900000000000000000e+01 1.867974683544304071e+00 1.475700000000000216e+02
7.900000000000000000e+01 7.856962025316456266e-01 6.207000000000000028e+01
7.900000000000000000e+01 9.793670886075950266e-01 7.737000000000000455e+01
7.900000000000000000e+01 2.129620253164556498e+00 1.682399999999999807e+02
7.900000000000000000e+01 2.889620253164557173e+00 2.282800000000000011e+02
7.900000000000000000e+01 1.731265822784809894e+00 1.367699999999999818e+02
7.900000000000000000e+01 1.033544303797468533e+00 8.165000000000000568e+01
7.800000000000000000e+01 1.736666666666666359e+00 1.354599999999999795e+02
7.800000000000000000e+01 5.893589743589743302e-01 4.596999999999999886e+01
7.900000000000000000e+01 2.645569620253164000e+00 2.089999999999999716e+02
7.900000000000000000e+01 1.043544303797468320e+00 8.243999999999999773e+01
