2.200000000000000000e+01 0.000000000000000000e+00 0.000000000000000000e+00
5.900000000000000000e+01 1.840508474576271203e+00 1.085900000000000034e+02
5.900000000000000000e+01 5.213559322033898269e+00 3.076000000000000227e+02
5.900000000000000000e+01 6.795084745762712153e+00 4.009100000000000250e+02
5.900000000000000000e+01 6.307457627118643551e+00 3.721399999999999864e+02
5.900000000000000000e+01 9.335084745762712188e+00 5.507699999999999818e+02
5.900000000000000000e+01 3.953559322033898038e+00 2.332599999999999909e+02
5.900000000000000000e+01 2.621016949152542352e+00 1.546399999999999864e+02
5.900000000000000000e+01 5.428644067796610351e+00 3.202900000000000205e+02
5.900000000000000000e+01 5.485084745762711655e+00 3.236200000000000045e+02
5.900000000000000000e+01 7.854406779661017524e+00 4.634100000000000250e+02
5.900000000000000000e+01 7.454067796610170049e+00 4.397900000000000205e+02
5.900000000000000000e+01 1.363050847457627057e+00 8.042000000000000171e+01
5.900000000000000000e+01 3.794576271186441030e+00 2.238800000000000239e+02
5.900000000000000000e+01 4.167966101694915437e+00 2.459099999999999966e+02
5.900000000000000000e+01 4.871186440677965912e+00 2.873999999999999773e+02
5.900000000000000000e+01 6.687457627118644332e+00 3.945600000000000023e+02
5.900000000000000000e+01 6.269491525423729339e-01 3.699000000000000199e+01
5.900000000000000000e+01 3.375762711864406462e+00 1.991699999999999875e+02
5.900000000000000000e+01 5.379152542372881207e+00 3.173700000000000045e+02
5.900000000000000000e+01 3.568813559322034035e+00 2.105600000000000023e+02
5.900000000000000000e+01 4.621694915254237479e+00 2.726800000000000068e+02
5.900000000000000000e+01 3.327457627118644012e+00 1.963199999999999932e+02
5.900000000000000000e+01 1.381016949152542361e+00 8.148000000000000398e+01
5.900000000000000000e+01 1.839322033898304953e+00 1.085199999999999960e+02
5.900000000000000000e+01 1.683050847457627119e+00 9.929999999999999716e+01
5.900000000000000000e+01 3.029322033898305566e+00 1.787300000000000182e+02
5.900000000000000000e+01 3.253898305084745868e+00 1.919800000000000182e+02
5.900000000000000000e+01 8.932203389830508655e-01 5.270000000000000284e+01
5.900000000000000000e+01 2.014067796610169658e+00 1.188300000000000125e+02
5.900000000000000000e+01 1.417118644067796529e+00 8.360999999999999943e+01
5.900000000000000000e+01 1.429152542372881252e+00 8.431999999999999318e+01
5.900000000000000000e+01 1.458813559322033715e+00 8.606999999999999318e+01
5.900000000000000000e+01 3.750847457627118353e-01 2.212999999999999901e+01
5.900000000000000000e+01 5.828813559322033599e-01 3.439000000000000057e+01
5.900000000000000000e+01 1.789152542372881349e+00 1.055600000000000023e+02
5.900000000000000000e+01 9.918644067796609232e-01 5.851999999999999602e+01
5.900000000000000000e+01 2.092033898305084794e+00 1.234299999999999926e+02
5.900000000000000000e+01 1.531694915254237399e+00 9.037000000000000455e+01
5.900000000000000000e+01 7.500000000000000000e-01 4.425000000000000000e+01
5.900000000000000000e+01 4.803389830508474345e-01 2.833999999999999986e+01
5.900000000000000000e+01 6.410169491525423702e-01 3.782000000000000028e+01
5.900000000000000000e+01 6.471186440677966223e-01 3.817999999999999972e+01
5.900000000000000000e+01 3.772881355932203307e-01 2.225999999999999801e+01
5.900000000000000000e+01 6.847457627118644363e-02 4.040000000000000036e+00
5.900000000000000000e+01 2.037288135593220140e-01 1.201999999999999957e+01
5.900000000000000000e+01 1.015762711864406809e+00 5.992999999999999972e+01
5.900000000000000000e+01 3.725423728813559432e-01 2.198000000000000043e+01
5.900000000000000000e+01 5.703389830508474034e-01 3.364999999999999858e+01
5.900000000000000000e+01 3.184745762711864159e-01 1.878999999999999915e+01
5.900000000000000000e+01 3.294915254237288371e-01 1.944000000000000128e+01
5.900000000000000000e+01 6.623728813559321971e-01 3.907999999999999829e+01
5.900000000000000000e+01 8.430508474576271505e-01 4.974000000000000199e+01
5.900000000000000000e+01 1.379152542372881429e+00 8.137000000000000455e+01
5.900000000000000000e+01 1.276271186440677941e+00 7.529999999999999716e+01
5.900000000000000000e+01 6.630508474576272127e-01 3.912000000000000455e+01
5.900000000000000000e+01 1.007118644067796609e+00 5.942000000000000171e+01
5.900000000000000000e+01 1.288305084745762663e+00 7.600999999999999091e+01
5.900000000000000000e+01 1.005762711864406800e+00 5.934000000000000341e+01
5.900000000000000000e+01 1.384237288135593325e+00 8.167000000000000171e+01
5.900000000000000000e+01 1.142372881355932235e-01 6.740000000000000213e+00
5.900000000000000000e+01 1.029661016949152463e+00 6.075000000000000000e+01
5.900000000000000000e+01 1.514237288135593218e+00 8.934000000000000341e+01
5.900000000000000000e+01 1.701186440677966205e+00 1.003700000000000045e+02
5.900000000000000000e+01 1.779830508474576023e+00 1.050099999999999909e+02
5.900000000000000000e+01 4.120338983050848003e-01 2.431000000000000227e+01
5.900000000000000000e+01 5.015254237288135908e-01 2.958999999999999986e+01
5.900000000000000000e+01 2.303389830508474567e+00 1.359000000000000057e+02
5.900000000000000000e+01 2.375423728813559343e+00 1.401500000000000057e+02
5.900000000000000000e+01 2.457118644067796787e+00 1.449699999999999989e+02
5.900000000000000000e+01 1.607457627118643817e+00 9.483999999999998920e+01
5.900000000000000000e+01 9.269491525423729783e-01 5.469000000000000483e+01
5.900000000000000000e+01 4.588135593220338815e-01 2.707000000000000028e+01
5.900000000000000000e+01 2.500000000000000555e-01 1.475000000000000178e+01
5.900000000000000000e+01 2.054067796610169250e+00 1.211899999999999977e+02
5.900000000000000000e+01 1.915593220338983160e+00 1.130200000000000102e+02
5.900000000000000000e+01 6.227118644067796138e-01 3.673999999999999488e+01
5.900000000000000000e+01 7.061016949152542077e-01 4.165999999999999659e+01
5.900000000000000000e+01 1.399322033898305229e+00 8.256000000000000227e+01
5.900000000000000000e+01 1.289830508474576254e+00 7.609999999999999432e+01
5.900000000000000000e+01 3.031525423728813617e+00 1.788600000000000136e+02
5.900000000000000000e+01 7.123728813559322415e-01 4.203000000000000114e+01
5.900000000000000000e+01 1.942203389830508442e+00 1.145900000000000034e+02
5.900000000000000000e+01 1.861016949152542344e+00 1.097999999999999972e+02
5.900000000000000000e+01 1.087627118644067803e+00 6.417000000000000171e+01
5.900000000000000000e+01 1.572711864406779458e+00 9.278999999999999204e+01
5.900000000000000000e+01 1.716610169491525451e+00 1.012800000000000011e+02
5.900000000000000000e+01 2.071186440677966201e-01 1.222000000000000064e+01
5.900000000000000000e+01 2.444237288135592934e+00 1.442099999999999795e+02
5.900000000000000000e+01 2.543559322033898340e+00 1.500699999999999932e+02
5.900000000000000000e+01 3.272881355932203196e+00 1.930999999999999943e+02
5.900000000000000000e+01 4.683728813559321580e+00 2.763399999999999750e+02
5.900000000000000000e+01 5.491525423728813721e-02 3.240000000000000213e+00
5.900000000000000000e+01 1.051525423728813635e+00 6.203999999999999915e+01
5.900000000000000000e+01 1.316101694915254194e+00 7.764999999999999147e+01
5.900000000000000000e+01 1.603220338983050830e+00 9.459000000000000341e+01
5.900000000000000000e+01 2.614067796610169747e+00 1.542300000000000182e+02
5.900000000000000000e+01 7.601694915254236795e-01 4.484999999999999432e+01
5.900000000000000000e+01 1.312033898305084767e+00 7.740999999999999659e+01
5.900000000000000000e+01 1.537457627118644199e+00 9.071000000000000796e+01
