0 0.49399038461538464 0.6454326923076923 0.2860576923076923 0.41586538461538464
0 0.5817307692307693 0.3293269230769231 0.06490384615384616 0.10336538461538461
0 0.41466346153846156 0.27524038461538464 0.030048076923076924 0.0625
0 0.44591346153846156 0.2800480769230769 0.020432692307692308 0.040865384615384616
0 0.1466346153846154 0.296875 0.06129807692307692 0.06370192307692307
0 0.054086538461538464 0.2932692307692308 0.07211538461538461 0.06490384615384616
1 0.265625 0.3016826923076923 0.020432692307692308 0.0985576923076923
1 0.4639423076923077 0.29086538461538464 0.01201923076923077 0.057692307692307696
1 0.625 0.30649038461538464 0.016826923076923076 0.056490384615384616
1 0.5516826923076923 0.27403846153846156 0.01201923076923077 0.057692307692307696
1 0.859375 0.2800480769230769 0.020432692307692308 0.056490384615384616