0 0.49038461538461536 0.6394230769230769 0.265625 0.40625
0 0.4879807692307692 0.2980769230769231 0.06370192307692307 0.06971153846153846
0 0.40384615384615385 0.3016826923076923 0.08653846153846154 0.07091346153846154
0 0.28846153846153844 0.28125 0.056490384615384616 0.06490384615384616
0 0.23798076923076922 0.2920673076923077 0.05048076923076923 0.05889423076923077
1 0.16947115384615385 0.30528846153846156 0.020432692307692308 0.05889423076923077
1 0.33774038461538464 0.3016826923076923 0.021634615384615384 0.06850961538461539
1 0.5492788461538461 0.2824519230769231 0.014423076923076924 0.052884615384615384
1 0.6262019230769231 0.28725961538461536 0.01201923076923077 0.046875
1 0.609375 0.2824519230769231 0.010817307692307692 0.04447115384615385
1 0.7163461538461539 0.2980769230769231 0.020432692307692308 0.08052884615384616