0 0.5012019230769231 0.6478365384615384 0.30528846153846156 0.42908653846153844
0 0.5432692307692307 0.3016826923076923 0.056490384615384616 0.052884615384615384
0 0.4567307692307692 0.2932692307692308 0.07572115384615384 0.06490384615384616
0 0.3088942307692308 0.2932692307692308 0.040865384615384616 0.04927884615384615
0 0.35216346153846156 0.2824519230769231 0.038461538461538464 0.057692307692307696
1 0.27163461538461536 0.2932692307692308 0.010817307692307692 0.04927884615384615
1 0.3245192307692308 0.30288461538461536 0.010817307692307692 0.04447115384615385
1 0.3762019230769231 0.28365384615384615 0.014423076923076924 0.05889423076923077
1 0.5985576923076923 0.27884615384615385 0.006009615384615385 0.046875
1 0.6394230769230769 0.28125 0.008413461538461538 0.05048076923076923
1 0.6478365384615384 0.27884615384615385 0.007211538461538462 0.046875
1 0.7704326923076923 0.29086538461538464 0.014423076923076924 0.0625