0 0.49759615384615385 0.6418269230769231 0.26802884615384615 0.4699519230769231
0 0.4567307692307692 0.29447115384615385 0.07091346153846154 0.06490384615384616
0 0.5420673076923077 0.2932692307692308 0.057692307692307696 0.040865384615384616
0 0.35216346153846156 0.2764423076923077 0.04447115384615385 0.06490384615384616
0 0.3076923076923077 0.2800480769230769 0.038461538461538464 0.05048076923076923
1 0.27163461538461536 0.2920673076923077 0.016826923076923076 0.06009615384615385
1 0.6009615384615384 0.28846153846153844 0.019230769230769232 0.06129807692307692
1 0.6346153846153846 0.2824519230769231 0.009615384615384616 0.04927884615384615
1 0.6442307692307693 0.28846153846153844 0.009615384615384616 0.054086538461538464
1 0.6850961538461539 0.27163461538461536 0.014423076923076924 0.052884615384615384
1 0.7692307692307693 0.28846153846153844 0.013221153846153846 0.06009615384615385