0 0.5024038461538461 0.6418269230769231 0.25961538461538464 0.43028846153846156
0 0.5709134615384616 0.3112980769230769 0.04326923076923077 0.06610576923076923
0 0.4423076923076923 0.2704326923076923 0.018028846153846152 0.036057692307692304
0 0.4675480769230769 0.27524038461538464 0.02283653846153846 0.03125
0 0.1658653846153846 0.2800480769230769 0.03365384615384615 0.046875
0 0.22115384615384615 0.2800480769230769 0.027644230769230768 0.04927884615384615
1 0.09495192307692307 0.328125 0.038461538461538464 0.109375
1 0.3798076923076923 0.2980769230769231 0.026442307692307692 0.0625
1 0.3545673076923077 0.27403846153846156 0.014423076923076924 0.03245192307692308
1 0.5384615384615384 0.2860576923076923 0.013221153846153846 0.046875
1 0.6033653846153846 0.3004807692307692 0.01201923076923077 0.054086538461538464