0 0.4987980769230769 0.6394230769230769 0.27884615384615385 0.4326923076923077
0 0.5685096153846154 0.3125 0.042067307692307696 0.06610576923076923
0 0.47115384615384615 0.2764423076923077 0.027644230769230768 0.042067307692307696
0 0.44350961538461536 0.27283653846153844 0.021634615384615384 0.039663461538461536
1 0.3954326923076923 0.2980769230769231 0.021634615384615384 0.052884615384615384
1 0.36538461538461536 0.27403846153846156 0.015625 0.038461538461538464
1 0.5288461538461539 0.2764423076923077 0.010817307692307692 0.039663461538461536
1 0.5925480769230769 0.2956730769230769 0.014423076923076924 0.046875
1 0.12139423076923077 0.33533653846153844 0.03245192307692308 0.09975961538461539
0 0.23076923076923078 0.28725961538461536 0.030048076923076924 0.042067307692307696
0 0.18389423076923078 0.28125 0.025240384615384616 0.04567307692307692