1 0.7716346153846154 0.28125 0.013221153846153846 0.06009615384615385
1 0.6887019230769231 0.28966346153846156 0.009615384615384616 0.036057692307692304
1 0.6430288461538461 0.2824519230769231 0.010817307692307692 0.054086538461538464
1 0.5961538461538461 0.28125 0.018028846153846152 0.05889423076923077
1 0.5769230769230769 0.2764423076923077 0.004807692307692308 0.04567307692307692
1 0.3786057692307692 0.2920673076923077 0.018028846153846152 0.051682692307692304
1 0.32211538461538464 0.30649038461538464 0.015625 0.04447115384615385
1 0.265625 0.29927884615384615 0.014423076923076924 0.04567307692307692
0 0.30649038461538464 0.2860576923076923 0.040865384615384616 0.04927884615384615
0 0.34975961538461536 0.28125 0.04326923076923077 0.05889423076923077
0 0.4567307692307692 0.29086538461538464 0.0673076923076923 0.06129807692307692
0 0.5360576923076923 0.2956730769230769 0.06009615384615385 0.05889423076923077
0 0.49158653846153844 0.6466346153846154 0.27524038461538464 0.4074519230769231