1 0.3125 0.2848557692307692 0.013221153846153846 0.038461538461538464
1 0.5300480769230769 0.27884615384615385 0.009615384615384616 0.027644230769230768
1 0.5240384615384616 0.28365384615384615 0.01201923076923077 0.027644230769230768
1 0.5769230769230769 0.2956730769230769 0.016826923076923076 0.06850961538461539
1 0.5504807692307693 0.31009615384615385 0.013221153846153846 0.040865384615384616
1 0.5997596153846154 0.296875 0.021634615384615384 0.0625
1 0.6370192307692307 0.3016826923076923 0.019230769230769232 0.0625
1 0.6262019230769231 0.3954326923076923 0.03485576923076923 0.09735576923076923
1 0.9807692307692307 0.3161057692307692 0.03245192307692308 0.04447115384615385
0 0.5072115384615384 0.6610576923076923 0.27524038461538464 0.4170673076923077
0 0.2848557692307692 0.421875 0.17548076923076922 0.16826923076923078
0 0.3894230769230769 0.3449519230769231 0.0889423076923077 0.09615384615384616
0 0.47596153846153844 0.22596153846153846 0.026442307692307692 0.04567307692307692
0 0.6298076923076923 0.27283653846153844 0.0673076923076923 0.054086538461538464