0 0.4963942307692308 0.6634615384615384 0.29927884615384615 0.48197115384615385
0 0.4495192307692308 0.3112980769230769 0.038461538461538464 0.09975961538461539
0 0.5108173076923077 0.30649038461538464 0.04326923076923077 0.06490384615384616
0 0.32572115384615385 0.27524038461538464 0.042067307692307696 0.055288461538461536
0 0.2776442307692308 0.27283653846153844 0.052884615384615384 0.056490384615384616
0 0.4951923076923077 0.2548076923076923 0.030048076923076924 0.040865384615384616
0 0.5204326923076923 0.2548076923076923 0.02283653846153846 0.037259615384615384
0 0.8197115384615384 0.28125 0.08413461538461539 0.07572115384615384
0 0.8641826923076923 0.29927884615384615 0.042067307692307696 0.06850961538461539
1 0.6394230769230769 0.3004807692307692 0.018028846153846152 0.06490384615384616
1 0.5769230769230769 0.28846153846153844 0.021634615384615384 0.06610576923076923
1 0.3786057692307692 0.2848557692307692 0.020432692307692308 0.06129807692307692