0 0.5120192307692307 0.6658653846153846 0.359375 0.4639423076923077
0 0.4375 0.3161057692307692 0.04326923076923077 0.08774038461538461
0 0.5108173076923077 0.30528846153846156 0.054086538461538464 0.09014423076923077
0 0.5180288461538461 0.2536057692307692 0.015625 0.054086538461538464
0 0.31850961538461536 0.2764423076923077 0.07451923076923077 0.06009615384615385
0 0.27524038461538464 0.28365384615384615 0.06370192307692307 0.07091346153846154
0 0.5 0.25600961538461536 0.030048076923076924 0.054086538461538464
0 0.8365384615384616 0.28846153846153844 0.0889423076923077 0.07451923076923077
0 0.9170673076923077 0.29927884615384615 0.09134615384615384 0.08774038461538461
1 0.6442307692307693 0.3016826923076923 0.021634615384615384 0.06370192307692307
1 0.5721153846153846 0.28725961538461536 0.026442307692307692 0.07451923076923077
1 0.3786057692307692 0.28125 0.014423076923076924 0.06610576923076923