1 0.5444711538461539 0.2848557692307692 0.025240384615384616 0.0625
1 0.375 0.28365384615384615 0.020432692307692308 0.04447115384615385
1 0.5793269230769231 0.2644230769230769 0.016826923076923076 0.039663461538461536
0 0.41346153846153844 0.3329326923076923 0.056490384615384616 0.09735576923076923
0 0.5048076923076923 0.30649038461538464 0.046875 0.06610576923076923
0 0.5120192307692307 0.671875 0.2548076923076923 0.43509615384615385
0 0.8521634615384616 0.28966346153846156 0.09975961538461539 0.056490384615384616
0 0.9423076923076923 0.3161057692307692 0.11538461538461539 0.078125
0 0.29927884615384615 0.27163461538461536 0.06610576923076923 0.039663461538461536
0 0.25721153846153844 0.28966346153846156 0.06610576923076923 0.039663461538461536
0 0.48677884615384615 0.25841346153846156 0.015625 0.02283653846153846