0 0.5024038461538461 0.6574519230769231 0.2668269230769231 0.42908653846153844
0 0.4411057692307692 0.2848557692307692 0.03365384615384615 0.04447115384615385
0 0.453125 0.2776442307692308 0.03365384615384615 0.040865384615384616
0 0.4411057692307692 0.25721153846153844 0.04807692307692308 0.054086538461538464
0 0.47596153846153844 0.23317307692307693 0.013221153846153846 0.026442307692307692
0 0.47716346153846156 0.20673076923076922 0.015625 0.02403846153846154
0 0.578125 0.2608173076923077 0.036057692307692304 0.03125
0 0.7043269230769231 0.2668269230769231 0.051682692307692304 0.03245192307692308
1 0.6177884615384616 0.26322115384615385 0.01201923076923077 0.039663461538461536
1 0.515625 0.2704326923076923 0.01201923076923077 0.03245192307692308
1 0.3737980769230769 0.26802884615384615 0.010817307692307692 0.042067307692307696