0 0.5048076923076923 0.6550480769230769 0.2620192307692308 0.4170673076923077
0 0.359375 0.33533653846153844 0.06610576923076923 0.07932692307692307
0 0.3894230769230769 0.3112980769230769 0.05048076923076923 0.06009615384615385
0 0.4230769230769231 0.265625 0.040865384615384616 0.06370192307692307
0 0.4338942307692308 0.21634615384615385 0.016826923076923076 0.02283653846153846
0 0.4338942307692308 0.19110576923076922 0.021634615384615384 0.028846153846153848
0 0.5661057692307693 0.2668269230769231 0.04807692307692308 0.04567307692307692
0 0.8834134615384616 0.2800480769230769 0.08533653846153846 0.04807692307692308
1 0.59375 0.2764423076923077 0.018028846153846152 0.06009615384615385
1 0.5144230769230769 0.30528846153846156 0.014423076923076924 0.06009615384615385
1 0.4963942307692308 0.2848557692307692 0.01201923076923077 0.04567307692307692
1 0.4831730769230769 0.2764423076923077 0.018028846153846152 0.040865384615384616
1 0.8858173076923077 0.2956730769230769 0.014423076923076924 0.04447115384615385
1 0.27884615384615385 0.28725961538461536 0.015625 0.046875