1 0.08653846153846154 0.2800480769230769 0.01201923076923077 0.027644230769230768
1 0.0829326923076923 0.30649038461538464 0.018028846153846152 0.06009615384615385
1 0.19591346153846154 0.28846153846153844 0.01201923076923077 0.036057692307692304
1 0.5913461538461539 0.3233173076923077 0.019230769230769232 0.09735576923076923
0 0.47716346153846156 0.25600961538461536 0.01201923076923077 0.02403846153846154
0 0.45913461538461536 0.25721153846153844 0.016826923076923076 0.028846153846153848
0 0.4098557692307692 0.2620192307692308 0.013221153846153846 0.019230769230769232
0 0.4338942307692308 0.27163461538461536 0.016826923076923076 0.027644230769230768
0 0.35096153846153844 0.27163461538461536 0.025240384615384616 0.02283653846153846
0 0.4254807692307692 0.3762019230769231 0.109375 0.1875
0 0.5036057692307693 0.6550480769230769 0.24639423076923078 0.3737980769230769