0 0.4987980769230769 0.6538461538461539 0.2512019230769231 0.40384615384615385
0 0.36658653846153844 0.33413461538461536 0.0625 0.07692307692307693
0 0.38822115384615385 0.30408653846153844 0.056490384615384616 0.06850961538461539
0 0.42427884615384615 0.2668269230769231 0.038461538461538464 0.04567307692307692
0 0.4362980769230769 0.21875 0.01201923076923077 0.027644230769230768
0 0.4362980769230769 0.18990384615384615 0.018028846153846152 0.03125
0 0.5637019230769231 0.2704326923076923 0.04807692307692308 0.046875
0 0.8689903846153846 0.2764423076923077 0.0625 0.042067307692307696
1 0.6959134615384616 0.28725961538461536 0.014423076923076924 0.05889423076923077
1 0.5973557692307693 0.2776442307692308 0.014423076923076924 0.05889423076923077
1 0.515625 0.30408653846153844 0.015625 0.042067307692307696
1 0.49759615384615385 0.28846153846153844 0.009615384615384616 0.036057692307692304
1 0.48677884615384615 0.27884615384615385 0.010817307692307692 0.04567307692307692
1 0.28125 0.28125 0.01201923076923077 0.04927884615384615