1 0.37259615384615385 0.2668269230769231 0.018028846153846152 0.04567307692307692
1 0.5144230769230769 0.26802884615384615 0.01201923076923077 0.027644230769230768
1 0.6177884615384616 0.2644230769230769 0.01201923076923077 0.042067307692307696
0 0.6983173076923077 0.2668269230769231 0.04927884615384615 0.040865384615384616
0 0.5721153846153846 0.25841346153846156 0.04447115384615385 0.042067307692307696
0 0.47716346153846156 0.23918269230769232 0.008413461538461538 0.02283653846153846
0 0.47716346153846156 0.21033653846153846 0.01201923076923077 0.021634615384615384
0 0.4387019230769231 0.25961538461538464 0.04927884615384615 0.03365384615384615
0 0.4495192307692308 0.28846153846153844 0.03365384615384615 0.037259615384615384
0 0.4519230769230769 0.27403846153846156 0.03125 0.038461538461538464
0 0.49399038461538464 0.640625 0.29447115384615385 0.44591346153846156