1 0.5841346153846154 0.36778846153846156 0.030048076923076924 0.09735576923076923
1 0.5528846153846154 0.296875 0.013221153846153846 0.0673076923076923
1 0.5697115384615384 0.2956730769230769 0.01201923076923077 0.06129807692307692
1 0.5324519230769231 0.3076923076923077 0.015625 0.04567307692307692
1 0.515625 0.27884615384615385 0.006009615384615385 0.026442307692307692
1 0.5216346153846154 0.2776442307692308 0.009615384615384616 0.03365384615384615
1 0.7247596153846154 0.30408653846153844 0.013221153846153846 0.04447115384615385
1 0.9723557692307693 0.31009615384615385 0.015625 0.06490384615384616
1 0.30288461538461536 0.28966346153846156 0.016826923076923076 0.06129807692307692
0 0.31971153846153844 0.40024038461538464 0.14182692307692307 0.15144230769230768
0 0.3858173076923077 0.3401442307692308 0.0829326923076923 0.09615384615384616
0 0.46634615384615385 0.2403846153846154 0.030048076923076924 0.046875
0 0.4735576923076923 0.20072115384615385 0.016826923076923076 0.025240384615384616
0 0.6177884615384616 0.27283653846153844 0.06009615384615385 0.06129807692307692
0 0.49278846153846156 0.6466346153846154 0.27524038461538464 0.4050480769230769