0 0.036057692307692304 0.3641826923076923 0.07211538461538461 0.109375
0 0.3798076923076923 0.3112980769230769 0.05048076923076923 0.05889423076923077
0 0.27884615384615385 0.39783653846153844 0.1310096153846154 0.19591346153846154
0 0.4987980769230769 0.6442307692307693 0.2403846153846154 0.3641826923076923
0 0.8762019230769231 0.36538461538461536 0.20192307692307693 0.0985576923076923
0 0.9435096153846154 0.43028846153846156 0.11177884615384616 0.19110576923076922
0 0.4170673076923077 0.2848557692307692 0.028846153846153848 0.052884615384615384
0 0.4483173076923077 0.27403846153846156 0.021634615384615384 0.030048076923076924
0 0.4951923076923077 0.25240384615384615 0.01201923076923077 0.014423076923076924
0 0.43509615384615385 0.28365384615384615 0.021634615384615384 0.040865384615384616
1 0.6995192307692307 0.3161057692307692 0.019230769230769232 0.08173076923076923