0 0.47596153846153844 0.2644230769230769 0.026442307692307692 0.02403846153846154
0 0.5 0.31850961538461536 0.056490384615384616 0.0733173076923077
0 0.31850961538461536 0.41346153846153844 0.13822115384615385 0.16466346153846154
0 0.28125 0.27163461538461536 0.06490384615384616 0.057692307692307696
0 0.23677884615384615 0.2776442307692308 0.06610576923076923 0.039663461538461536
0 0.5096153846153846 0.6586538461538461 0.27163461538461536 0.47716346153846156
0 0.8774038461538461 0.2920673076923077 0.11899038461538461 0.06009615384615385
0 0.9567307692307693 0.32091346153846156 0.08533653846153846 0.07211538461538461
1 0.5829326923076923 0.26322115384615385 0.02283653846153846 0.0625
1 0.5048076923076923 0.2824519230769231 0.015625 0.04927884615384615
1 0.3713942307692308 0.2800480769230769 0.018028846153846152 0.04807692307692308