1 0.6971153846153846 0.3137019230769231 0.015625 0.07932692307692307
0 0.8461538461538461 0.3557692307692308 0.171875 0.09254807692307693
0 0.9254807692307693 0.41225961538461536 0.1466346153846154 0.14903846153846154
0 0.45072115384615385 0.2692307692307692 0.016826923076923076 0.027644230769230768
0 0.4951923076923077 0.25240384615384615 0.007211538461538462 0.018028846153846152
0 0.4375 0.27884615384615385 0.018028846153846152 0.03365384615384615
0 0.41947115384615385 0.2824519230769231 0.030048076923076924 0.046875
0 0.38341346153846156 0.3088942307692308 0.04567307692307692 0.055288461538461536
0 0.30288461538461536 0.38822115384615385 0.11778846153846154 0.17908653846153846
0 0.07572115384615384 0.3545673076923077 0.1502403846153846 0.09615384615384616
0 0.5 0.6502403846153846 0.2403846153846154 0.359375