0 0.49759615384615385 0.6730769230769231 0.31009615384615385 0.46875
0 0.4050480769230769 0.3545673076923077 0.0625 0.10336538461538461
0 0.5060096153846154 0.3161057692307692 0.06009615384615385 0.09134615384615384
0 0.3004807692307692 0.2848557692307692 0.0625 0.0889423076923077
0 0.2439903846153846 0.27524038461538464 0.05889423076923077 0.06971153846153846
0 0.4831730769230769 0.2548076923076923 0.028846153846153848 0.04807692307692308
0 0.5096153846153846 0.25 0.015625 0.025240384615384616
0 0.8509615384615384 0.29447115384615385 0.11057692307692307 0.08653846153846154
0 0.9459134615384616 0.32091346153846156 0.10817307692307693 0.13221153846153846
1 0.5336538461538461 0.2848557692307692 0.020432692307692308 0.07572115384615384
1 0.6466346153846154 0.3088942307692308 0.026442307692307692 0.08533653846153846
1 0.36899038461538464 0.2776442307692308 0.019230769230769232 0.0673076923076923
1 0.0733173076923077 0.35216346153846156 0.042067307692307696 0.09735576923076923