0 0.5 0.625 0.28725961538461536 0.4735576923076923
0 0.18509615384615385 0.49158653846153844 0.2980769230769231 0.5432692307692307
0 0.5264423076923077 0.29447115384615385 0.042067307692307696 0.04326923076923077
0 0.49158653846153844 0.2860576923076923 0.021634615384615384 0.055288461538461536
0 0.515625 0.2536057692307692 0.026442307692307692 0.028846153846153848
0 0.5384615384615384 0.25 0.015625 0.040865384615384616
0 0.3629807692307692 0.27163461538461536 0.04567307692307692 0.04447115384615385
0 0.3329326923076923 0.2644230769230769 0.026442307692307692 0.046875
1 0.40384615384615385 0.27163461538461536 0.013221153846153846 0.05889423076923077
1 0.5997596153846154 0.27524038461538464 0.014423076923076924 0.05889423076923077
1 0.640625 0.2920673076923077 0.019230769230769232 0.06009615384615385