0 0.4963942307692308 0.6550480769230769 0.2692307692307692 0.4230769230769231
0 0.3389423076923077 0.37259615384615385 0.09615384615384616 0.1201923076923077
0 0.3870192307692308 0.3245192307692308 0.0733173076923077 0.07572115384615384
0 0.44711538461538464 0.2644230769230769 0.03245192307692308 0.04567307692307692
0 0.45913461538461536 0.21514423076923078 0.014423076923076924 0.028846153846153848
0 0.46153846153846156 0.1875 0.018028846153846152 0.021634615384615384
0 0.6009615384615384 0.2692307692307692 0.04927884615384615 0.051682692307692304
1 0.9699519230769231 0.3004807692307692 0.019230769230769232 0.05048076923076923
1 0.7451923076923077 0.30288461538461536 0.014423076923076924 0.052884615384615384
1 0.6009615384615384 0.2956730769230769 0.028846153846153848 0.06129807692307692
1 0.5384615384615384 0.33413461538461536 0.018028846153846152 0.055288461538461536
1 0.5300480769230769 0.3016826923076923 0.018028846153846152 0.04326923076923077
1 0.5180288461538461 0.28725961538461536 0.018028846153846152 0.06129807692307692
1 0.5084134615384616 0.28125 0.019230769230769232 0.04807692307692308
1 0.2848557692307692 0.2824519230769231 0.013221153846153846 0.0625