1 0.375 0.2704326923076923 0.01201923076923077 0.03485576923076923
1 0.5300480769230769 0.27283653846153844 0.007211538461538462 0.026442307692307692
1 0.5252403846153846 0.2608173076923077 0.010817307692307692 0.03125
1 0.640625 0.26322115384615385 0.010817307692307692 0.042067307692307696
1 0.7019230769230769 0.27884615384615385 0.020432692307692308 0.039663461538461536
0 0.7548076923076923 0.2704326923076923 0.06009615384615385 0.04447115384615385
0 0.4519230769230769 0.29447115384615385 0.042067307692307696 0.040865384615384616
0 0.46153846153846156 0.2764423076923077 0.03365384615384615 0.027644230769230768
0 0.4567307692307692 0.2548076923076923 0.056490384615384616 0.025240384615384616
0 0.48677884615384615 0.22956730769230768 0.01201923076923077 0.019230769230769232
0 0.4891826923076923 0.20552884615384615 0.015625 0.025240384615384616
0 0.5901442307692307 0.2548076923076923 0.037259615384615384 0.03485576923076923
0 0.5 0.65625 0.27524038461538464 0.40865384615384615