1 0.2800480769230769 0.2800480769230769 0.016826923076923076 0.054086538461538464
1 0.5144230769230769 0.3125 0.013221153846153846 0.052884615384615384
1 0.4987980769230769 0.2860576923076923 0.010817307692307692 0.030048076923076924
1 0.4855769230769231 0.2800480769230769 0.01201923076923077 0.04567307692307692
1 0.5949519230769231 0.2800480769230769 0.019230769230769232 0.055288461538461536
1 0.8834134615384616 0.28966346153846156 0.01201923076923077 0.03485576923076923
0 0.5649038461538461 0.26322115384615385 0.04927884615384615 0.039663461538461536
0 0.4230769230769231 0.2692307692307692 0.03485576923076923 0.05048076923076923
0 0.3858173076923077 0.3076923076923077 0.051682692307692304 0.06850961538461539
0 0.3641826923076923 0.33653846153846156 0.06610576923076923 0.08413461538461539
0 0.43509615384615385 0.2127403846153846 0.016826923076923076 0.030048076923076924
0 0.4362980769230769 0.1935096153846154 0.016826923076923076 0.028846153846153848
0 0.875 0.2800480769230769 0.07091346153846154 0.06490384615384616
0 0.5012019230769231 0.6502403846153846 0.24759615384615385 0.37259615384615385