0 0.5168269230769231 0.6634615384615384 0.3161057692307692 0.4254807692307692
0 0.3942307692307692 0.33052884615384615 0.07451923076923077 0.07451923076923077
0 0.4579326923076923 0.2620192307692308 0.040865384615384616 0.05048076923076923
0 0.6105769230769231 0.2692307692307692 0.0625 0.052884615384615384
1 0.28966346153846156 0.2824519230769231 0.021634615384615384 0.051682692307692304
0 0.33533653846153844 0.3786057692307692 0.12139423076923077 0.11899038461538461
1 0.5492788461538461 0.34134615384615385 0.025240384615384616 0.0829326923076923
1 0.5240384615384616 0.2848557692307692 0.019230769230769232 0.05889423076923077
1 0.5456730769230769 0.3004807692307692 0.018028846153846152 0.046875
1 0.6069711538461539 0.2956730769230769 0.021634615384615384 0.06971153846153846
1 0.7584134615384616 0.30528846153846156 0.019230769230769232 0.056490384615384616
1 0.9927884615384616 0.30528846153846156 0.014423076923076924 0.040865384615384616