1 0.09495192307692307 0.3329326923076923 0.016826923076923076 0.054086538461538464
0 0.18269230769230768 0.48197115384615385 0.2644230769230769 0.25240384615384615
0 0.5024038461538461 0.6490384615384616 0.23677884615384615 0.3713942307692308
0 0.6586538461538461 0.2800480769230769 0.07211538461538461 0.05048076923076923
0 0.6598557692307693 0.3016826923076923 0.07451923076923077 0.040865384615384616
0 0.7704326923076923 0.2920673076923077 0.07451923076923077 0.04567307692307692
0 0.8305288461538461 0.3004807692307692 0.08413461538461539 0.051682692307692304
0 0.40625 0.2776442307692308 0.01201923076923077 0.03245192307692308
0 0.2860576923076923 0.29086538461538464 0.06370192307692307 0.04326923076923077
1 0.010817307692307692 0.265625 0.013221153846153846 0.04567307692307692
0 0.46153846153846156 0.25240384615384615 0.007211538461538462 0.016826923076923076