1 0.9663461538461539 0.31009615384615385 0.02283653846153846 0.051682692307692304
1 0.7223557692307693 0.31009615384615385 0.016826923076923076 0.05048076923076923
1 0.5865384615384616 0.37259615384615385 0.026442307692307692 0.09735576923076923
1 0.5552884615384616 0.2980769230769231 0.013221153846153846 0.06490384615384616
1 0.5697115384615384 0.296875 0.01201923076923077 0.06490384615384616
1 0.5324519230769231 0.30408653846153844 0.01201923076923077 0.03365384615384615
1 0.5132211538461539 0.28365384615384615 0.008413461538461538 0.025240384615384616
1 0.5228365384615384 0.27884615384615385 0.008413461538461538 0.026442307692307692
1 0.30528846153846156 0.2848557692307692 0.015625 0.04326923076923077
0 0.3076923076923077 0.4026442307692308 0.14543269230769232 0.16105769230769232
0 0.3798076923076923 0.33413461538461536 0.08774038461538461 0.09615384615384616
0 0.4675480769230769 0.234375 0.030048076923076924 0.05048076923076923
0 0.5072115384615384 0.6550480769230769 0.2824519230769231 0.4362980769230769
0 0.6237980769230769 0.27163461538461536 0.057692307692307696 0.06129807692307692