0 0.5048076923076923 0.65625 0.27524038461538464 0.4098557692307692
0 0.30649038461538464 0.39903846153846156 0.1502403846153846 0.1346153846153846
0 0.3918269230769231 0.3389423076923077 0.08173076923076923 0.09735576923076923
0 0.4651442307692308 0.23317307692307693 0.030048076923076924 0.042067307692307696
0 0.6213942307692307 0.27163461538461536 0.06370192307692307 0.056490384615384616
1 0.5913461538461539 0.36658653846153844 0.04326923076923077 0.0889423076923077
1 0.5697115384615384 0.2920673076923077 0.015625 0.06129807692307692
1 0.5576923076923077 0.29927884615384615 0.014423076923076924 0.06850961538461539
1 0.5324519230769231 0.30528846153846156 0.01201923076923077 0.036057692307692304
1 0.5144230769230769 0.28125 0.014423076923076924 0.02403846153846154
1 0.5216346153846154 0.2764423076923077 0.008413461538461538 0.025240384615384616
1 0.7223557692307693 0.3112980769230769 0.016826923076923076 0.04326923076923077
1 0.9651442307692307 0.3112980769230769 0.020432692307692308 0.046875
1 0.30528846153846156 0.29086538461538464 0.014423076923076924 0.038461538461538464