1 0.5841346153846154 0.3701923076923077 0.03245192307692308 0.08774038461538461
1 0.96875 0.3125 0.020432692307692308 0.04447115384615385
1 0.5697115384615384 0.29447115384615385 0.010817307692307692 0.06971153846153846
1 0.5552884615384616 0.2932692307692308 0.019230769230769232 0.07091346153846154
1 0.53125 0.30288461538461536 0.015625 0.03365384615384615
1 0.5132211538461539 0.27884615384615385 0.010817307692307692 0.026442307692307692
1 0.5216346153846154 0.2776442307692308 0.01201923076923077 0.04447115384615385
1 0.30528846153846156 0.29086538461538464 0.019230769230769232 0.039663461538461536
0 0.3245192307692308 0.3858173076923077 0.15985576923076922 0.16466346153846154
0 0.38221153846153844 0.3293269230769231 0.07572115384615384 0.10216346153846154
0 0.4963942307692308 0.6358173076923077 0.27163461538461536 0.4483173076923077
0 0.4651442307692308 0.23557692307692307 0.03125 0.051682692307692304
0 0.4723557692307692 0.19951923076923078 0.016826923076923076 0.02283653846153846