1 0.2848557692307692 0.2920673076923077 0.016826923076923076 0.040865384615384616
1 0.5372596153846154 0.3329326923076923 0.019230769230769232 0.055288461538461536
1 0.5288461538461539 0.2980769230769231 0.018028846153846152 0.037259615384615384
1 0.5120192307692307 0.2848557692307692 0.018028846153846152 0.04567307692307692
1 0.6009615384615384 0.2956730769230769 0.02283653846153846 0.06009615384615385
1 0.7427884615384616 0.30649038461538464 0.019230769230769232 0.046875
1 0.9675480769230769 0.30528846153846156 0.021634615384615384 0.03485576923076923
0 0.5024038461538461 0.6502403846153846 0.25841346153846156 0.41225961538461536
0 0.3317307692307692 0.3701923076923077 0.11658653846153846 0.12139423076923077
0 0.39302884615384615 0.3245192307692308 0.0673076923076923 0.09134615384615384
0 0.44591346153846156 0.2608173076923077 0.036057692307692304 0.05889423076923077
0 0.5997596153846154 0.265625 0.057692307692307696 0.06009615384615385
0 0.45913461538461536 0.21394230769230768 0.013221153846153846 0.030048076923076924