0 0.8317307692307693 0.34975961538461536 0.15384615384615385 0.08774038461538461
0 0.9170673076923077 0.40384615384615385 0.16346153846153846 0.14543269230769232
0 0.453125 0.27163461538461536 0.013221153846153846 0.03365384615384615
0 0.4206730769230769 0.28365384615384615 0.028846153846153848 0.04567307692307692
0 0.38461538461538464 0.30528846153846156 0.04447115384615385 0.055288461538461536
0 0.4387019230769231 0.27524038461538464 0.019230769230769232 0.038461538461538464
0 0.31009615384615385 0.3870192307692308 0.11778846153846154 0.16826923076923078
0 0.09615384615384616 0.35216346153846156 0.1502403846153846 0.0985576923076923
0 0.5012019230769231 0.6538461538461539 0.23918269230769232 0.3629807692307692
0 0.49759615384615385 0.2548076923076923 0.008413461538461538 0.018028846153846152
1 0.6971153846153846 0.3137019230769231 0.02283653846153846 0.09254807692307693