0 0.5036057692307693 0.6478365384615384 0.2704326923076923 0.4699519230769231
0 0.10216346153846154 0.6862980769230769 0.20432692307692307 0.6274038461538461
0 0.515625 0.2980769230769231 0.03245192307692308 0.07692307692307693
0 0.4699519230769231 0.2980769230769231 0.03245192307692308 0.06490384615384616
0 0.5288461538461539 0.2536057692307692 0.018028846153846152 0.030048076923076924
0 0.5060096153846154 0.25600961538461536 0.021634615384615384 0.055288461538461536
0 0.3485576923076923 0.2668269230769231 0.04326923076923077 0.055288461538461536
0 0.3125 0.2776442307692308 0.04927884615384615 0.0673076923076923
0 0.7908653846153846 0.2860576923076923 0.06490384615384616 0.0733173076923077
1 0.6358173076923077 0.296875 0.014423076923076924 0.06850961538461539
1 0.5925480769230769 0.2860576923076923 0.010817307692307692 0.06129807692307692
1 0.3894230769230769 0.27283653846153844 0.009615384615384616 0.046875
1 0.5721153846153846 0.25721153846153844 0.007211538461538462 0.03365384615384615