0 0.48677884615384615 0.6550480769230769 0.3004807692307692 0.5108173076923077
0 0.08774038461538461 0.7043269230769231 0.17427884615384615 0.5913461538461539
0 0.796875 0.2920673076923077 0.07692307692307693 0.10576923076923077
0 0.5216346153846154 0.30528846153846156 0.054086538461538464 0.06610576923076923
0 0.46875 0.29927884615384615 0.037259615384615384 0.07211538461538461
0 0.30408653846153844 0.2764423076923077 0.06370192307692307 0.046875
0 0.33653846153846156 0.27163461538461536 0.038461538461538464 0.04927884615384615
0 0.5252403846153846 0.25841346153846156 0.01201923076923077 0.028846153846153848
0 0.5 0.25721153846153844 0.02403846153846154 0.04447115384615385
1 0.3858173076923077 0.2860576923076923 0.021634615384615384 0.06610576923076923
1 0.6358173076923077 0.3004807692307692 0.021634615384615384 0.06370192307692307
1 0.5925480769230769 0.2800480769230769 0.02283653846153846 0.052884615384615384
1 0.5697115384615384 0.25961538461538464 0.010817307692307692 0.038461538461538464