0 0.01201923076923077 0.36538461538461536 0.02403846153846154 0.09615384615384616
0 0.23798076923076922 0.38221153846153844 0.14302884615384615 0.17307692307692307
0 0.9483173076923077 0.43509615384615385 0.10216346153846154 0.15384615384615385
0 0.8834134615384616 0.3713942307692308 0.2091346153846154 0.10336538461538461
0 0.4483173076923077 0.2764423076923077 0.018028846153846152 0.030048076923076924
0 0.4963942307692308 0.25240384615384615 0.010817307692307692 0.019230769230769232
0 0.4338942307692308 0.2800480769230769 0.020432692307692308 0.042067307692307696
0 0.3798076923076923 0.31009615384615385 0.056490384615384616 0.06129807692307692
0 0.4987980769230769 0.6538461538461539 0.2439903846153846 0.3762019230769231
0 0.4110576923076923 0.29086538461538464 0.03245192307692308 0.052884615384615384
1 0.671875 0.3293269230769231 0.020432692307692308 0.1045673076923077