0 0.5024038461538461 0.6538461538461539 0.2620192307692308 0.5841346153846154
0 0.15745192307692307 0.5745192307692307 0.31490384615384615 0.5348557692307693
0 0.5276442307692307 0.29447115384615385 0.037259615384615384 0.07451923076923077
0 0.4879807692307692 0.28966346153846156 0.039663461538461536 0.06850961538461539
0 0.36778846153846156 0.2704326923076923 0.052884615384615384 0.06850961538461539
0 0.32211538461538464 0.265625 0.026442307692307692 0.0673076923076923
0 0.5120192307692307 0.24639423076923078 0.020432692307692308 0.04447115384615385
0 0.5384615384615384 0.2512019230769231 0.014423076923076924 0.05048076923076923
1 0.6454326923076923 0.2956730769230769 0.016826923076923076 0.05048076923076923
1 0.6021634615384616 0.27403846153846156 0.013221153846153846 0.052884615384615384
1 0.40384615384615385 0.27163461538461536 0.015625 0.06490384615384616
1 0.19831730769230768 0.3112980769230769 0.03365384615384615 0.057692307692307696