1 0.5096153846153846 0.3233173076923077 0.016826923076923076 0.05889423076923077
1 0.5805288461538461 0.29086538461538464 0.016826923076923076 0.051682692307692304
1 0.9014423076923077 0.2920673076923077 0.013221153846153846 0.036057692307692304
1 0.5012019230769231 0.29927884615384615 0.013221153846153846 0.051682692307692304
1 0.4855769230769231 0.2848557692307692 0.014423076923076924 0.054086538461538464
0 0.3473557692307692 0.3605769230769231 0.08413461538461539 0.1141826923076923
0 0.3737980769230769 0.3137019230769231 0.056490384615384616 0.06850961538461539
0 0.4230769230769231 0.2668269230769231 0.03485576923076923 0.04567307692307692
0 0.5036057692307693 0.6526442307692307 0.27403846153846156 0.390625
0 0.5709134615384616 0.2692307692307692 0.056490384615384616 0.042067307692307696
0 0.9399038461538461 0.2860576923076923 0.07692307692307693 0.055288461538461536
1 0.26322115384615385 0.29447115384615385 0.016826923076923076 0.04447115384615385