0 0.5096153846153846 0.6430288461538461 0.2824519230769231 0.4170673076923077
0 0.3389423076923077 0.3605769230769231 0.09495192307692307 0.08774038461538461
0 0.38221153846153844 0.3245192307692308 0.06129807692307692 0.06610576923076923
0 0.43509615384615385 0.2644230769230769 0.03125 0.052884615384615384
0 0.5889423076923077 0.2704326923076923 0.055288461538461536 0.04807692307692308
0 0.9783653846153846 0.28725961538461536 0.04326923076923077 0.04807692307692308
1 0.5252403846153846 0.328125 0.021634615384615384 0.05889423076923077
1 0.49759615384615385 0.28365384615384615 0.019230769230769232 0.052884615384615384
1 0.5168269230769231 0.2956730769230769 0.014423076923076924 0.05048076923076923
1 0.5913461538461539 0.29086538461538464 0.02403846153846154 0.06129807692307692
1 0.9387019230769231 0.29927884615384615 0.020432692307692308 0.04807692307692308
1 0.27524038461538464 0.2920673076923077 0.019230769230769232 0.04447115384615385