1 0.7307692307692307 0.3545673076923077 0.02403846153846154 0.125
1 0.10096153846153846 0.3076923076923077 0.027644230769230768 0.08052884615384616
1 0.1935096153846154 0.29447115384615385 0.014423076923076924 0.030048076923076924
1 0.2824519230769231 0.2920673076923077 0.014423076923076924 0.04447115384615385
0 0.421875 0.27884615384615385 0.03365384615384615 0.038461538461538464
0 0.5829326923076923 0.25961538461538464 0.019230769230769232 0.03365384615384615
0 0.5625 0.25600961538461536 0.015625 0.02283653846153846
0 0.5384615384615384 0.27163461538461536 0.019230769230769232 0.03485576923076923
0 0.4987980769230769 0.25841346153846156 0.019230769230769232 0.028846153846153848
0 0.48677884615384615 0.3798076923076923 0.11899038461538461 0.17067307692307693
0 0.5060096153846154 0.6598557692307693 0.24519230769230768 0.3581730769230769