1 0.36899038461538464 0.27163461538461536 0.019230769230769232 0.051682692307692304
1 0.5769230769230769 0.2644230769230769 0.018028846153846152 0.054086538461538464
1 0.5120192307692307 0.2848557692307692 0.028846153846153848 0.042067307692307696
0 0.35697115384615385 0.3858173076923077 0.09254807692307693 0.16947115384615385
0 0.5012019230769231 0.3161057692307692 0.057692307692307696 0.06610576923076923
0 0.5012019230769231 0.6682692307692307 0.2764423076923077 0.390625
0 0.8653846153846154 0.29086538461538464 0.12139423076923077 0.06490384615384616
0 0.9555288461538461 0.3137019230769231 0.08774038461538461 0.08413461538461539
0 0.28365384615384615 0.28365384615384615 0.051682692307692304 0.06009615384615385
0 0.23557692307692307 0.2824519230769231 0.08413461538461539 0.04807692307692308
0 0.47836538461538464 0.2668269230769231 0.025240384615384616 0.030048076923076924