0 0.2860576923076923 0.42788461538461536 0.17427884615384615 0.1658653846153846
0 0.38461538461538464 0.3473557692307692 0.09735576923076923 0.0889423076923077
0 0.4795673076923077 0.22596153846153846 0.028846153846153848 0.04326923076923077
0 0.6370192307692307 0.27524038461538464 0.057692307692307696 0.056490384615384616
0 0.5048076923076923 0.6598557692307693 0.26322115384615385 0.43149038461538464
1 0.6322115384615384 0.4014423076923077 0.030048076923076924 0.1141826923076923
1 0.5552884615384616 0.3112980769230769 0.014423076923076924 0.038461538461538464
1 0.53125 0.2764423076923077 0.01201923076923077 0.027644230769230768
1 0.5240384615384616 0.28365384615384615 0.016826923076923076 0.028846153846153848
1 0.3125 0.28725961538461536 0.018028846153846152 0.042067307692307696
1 0.5793269230769231 0.29447115384615385 0.02403846153846154 0.07211538461538461
1 0.6394230769230769 0.3088942307692308 0.027644230769230768 0.05048076923076923
1 0.9879807692307693 0.3161057692307692 0.02403846153846154 0.05048076923076923