2.400000000000000000e+01 0.000000000000000000e+00 0.000000000000000000e+00
4.720000000000000000e+02 3.940423728813559290e+00 1.859879999999999882e+03
5.180000000000000000e+02 1.134729729729729630e+00 5.877899999999999636e+02
5.290000000000000000e+02 1.002759924385633328e+00 5.304600000000000364e+02
5.400000000000000000e+02 2.115388888888888985e+00 1.142309999999999945e+03
5.400000000000000000e+02 1.001148148148148120e+00 5.406200000000000045e+02
5.430000000000000000e+02 1.681639042357274683e+00 9.131300000000001091e+02
5.460000000000000000e+02 9.342490842490840386e-01 5.100999999999999091e+02
5.580000000000000000e+02 9.500179211469532703e-01 5.301099999999999000e+02
5.590000000000000000e+02 8.627012522361359181e-01 4.822500000000000000e+02
5.590000000000000000e+02 5.231484794275491623e-01 2.924399999999999977e+02
5.580000000000000000e+02 3.901612903225806228e-01 2.177099999999999795e+02
5.650000000000000000e+02 1.114548672566371801e+00 6.297200000000000273e+02
5.780000000000000000e+02 4.263148788927335064e-01 2.464099999999999682e+02
5.780000000000000000e+02 5.663667820069204772e-01 3.273600000000000136e+02
5.780000000000000000e+02 2.724913494809688697e-01 1.575000000000000000e+02
5.750000000000000000e+02 3.138086956521738968e-01 1.804399999999999977e+02
5.750000000000000000e+02 3.390260869565217550e-01 1.949399999999999977e+02
5.770000000000000000e+02 6.283882149046793320e-01 3.625799999999999841e+02
5.790000000000000000e+02 2.119861830742659770e-01 1.227399999999999949e+02
5.790000000000000000e+02 1.217962003454231557e-01 7.052000000000001023e+01
5.770000000000000000e+02 6.512998266897747357e-02 3.757999999999999829e+01
5.760000000000000000e+02 6.934027777777779233e-02 3.994000000000000483e+01
5.770000000000000000e+02 1.701559792027729778e-01 9.818000000000000682e+01
5.760000000000000000e+02 3.108506944444444642e-01 1.790500000000000114e+02
5.760000000000000000e+02 1.982291666666666785e-01 1.141800000000000068e+02
5.780000000000000000e+02 1.349826989619377360e-01 7.802000000000001023e+01
5.770000000000000000e+02 6.490467937608319915e-02 3.745000000000000284e+01
5.780000000000000000e+02 1.770588235294117685e-01 1.023400000000000034e+02
5.780000000000000000e+02 8.728373702422145830e-02 5.045000000000000284e+01
5.800000000000000000e+02 6.710344827586206540e-02 3.892000000000000171e+01
5.770000000000000000e+02 1.265857885615251088e-01 7.303999999999999204e+01
5.800000000000000000e+02 5.231034482758620957e-02 3.033999999999999986e+01
5.800000000000000000e+02 2.067758620689655047e-01 1.199299999999999926e+02
5.790000000000000000e+02 3.555613126079447128e-01 2.058700000000000045e+02
5.780000000000000000e+02 7.054152249134948427e-01 4.077300000000000182e+02
5.790000000000000000e+02 1.020725388601036177e-01 5.909999999999999432e+01
5.780000000000000000e+02 2.040830449826989690e-01 1.179600000000000080e+02
5.790000000000000000e+02 5.663212435233160730e-02 3.278999999999999915e+01
5.790000000000000000e+02 1.243523316062176282e-03 7.200000000000000844e-01
5.740000000000000000e+02 3.837979094076654496e-02 2.202999999999999758e+01
5.730000000000000000e+02 1.990575916230366560e-01 1.140600000000000023e+02
5.770000000000000000e+02 2.369150779896013817e-02 1.366999999999999993e+01
5.730000000000000000e+02 5.476439790575916844e-02 3.138000000000000256e+01
5.750000000000000000e+02 1.114782608695652072e-01 6.409999999999999432e+01
5.770000000000000000e+02 6.965337954939342102e-02 4.019000000000000483e+01
5.740000000000000000e+02 3.107491289198606177e-01 1.783700000000000045e+02
5.740000000000000000e+02 6.129965156794425774e-01 3.518600000000000136e+02
5.760000000000000000e+02 1.302430555555555425e-01 7.501999999999999602e+01
5.730000000000000000e+02 1.451134380453752148e-01 8.315000000000000568e+01
5.720000000000000000e+02 8.765734265734265174e-02 5.014000000000000057e+01
5.750000000000000000e+02 2.151826086956521722e-01 1.237300000000000040e+02
5.740000000000000000e+02 8.216027874564460487e-02 4.716000000000000369e+01
5.770000000000000000e+02 1.008318890814557944e-01 5.817999999999999261e+01
5.790000000000000000e+02 9.322970639032815421e-02 5.398000000000000398e+01
5.790000000000000000e+02 1.834196891191710102e-02 1.062000000000000099e+01
5.760000000000000000e+02 7.638888888888889506e-02 4.400000000000000000e+01
5.730000000000000000e+02 2.244851657940663547e-01 1.286300000000000239e+02
5.720000000000000000e+02 1.523076923076923106e-01 8.712000000000000455e+01
5.710000000000000000e+02 1.289141856392294061e-01 7.360999999999998522e+01
5.740000000000000000e+02 1.295470383275261206e-01 7.435999999999999943e+01
5.740000000000000000e+02 2.181707317073170727e-01 1.252300000000000040e+02
5.730000000000000000e+02 1.746945898778359541e-01 1.000999999999999943e+02
5.760000000000000000e+02 1.181076388888888939e-01 6.803000000000000114e+01
5.770000000000000000e+02 2.595320623916810843e-01 1.497500000000000000e+02
5.750000000000000000e+02 2.899652173913043751e-01 1.667300000000000182e+02
5.780000000000000000e+02 7.446193771626297142e-01 4.303899999999999864e+02
5.790000000000000000e+02 1.796545768566494006e-01 1.040200000000000102e+02
5.790000000000000000e+02 9.677029360967184801e-02 5.603000000000000114e+01
5.750000000000000000e+02 1.334434782608696080e-01 7.673000000000001819e+01
5.720000000000000000e+02 1.537412587412587406e-01 8.793999999999999773e+01
5.710000000000000000e+02 4.241155866900175320e-01 2.421700000000000159e+02
5.730000000000000000e+02 3.392670157068062298e-01 1.943999999999999773e+02
5.740000000000000000e+02 1.308362369337979225e-01 7.510000000000000853e+01
5.750000000000000000e+02 1.150608695652173830e-01 6.615999999999999659e+01
5.770000000000000000e+02 2.064124783362218316e-02 1.191000000000000014e+01
5.750000000000000000e+02 2.462608695652173871e-02 1.416000000000000014e+01
5.740000000000000000e+02 6.123693379790940555e-02 3.514999999999999858e+01
5.750000000000000000e+02 9.530434782608695685e-03 5.479999999999999538e+00
5.730000000000000000e+02 6.118673647469459465e-02 3.506000000000000227e+01
5.730000000000000000e+02 1.197382198952879617e-01 6.860999999999999943e+01
5.740000000000000000e+02 5.731533101045296341e-01 3.289900000000000091e+02
5.750000000000000000e+02 1.978434782608695375e-01 1.137599999999999909e+02
5.750000000000000000e+02 7.838260869565218114e-02 4.507000000000000028e+01
5.760000000000000000e+02 1.582638888888888984e-01 9.116000000000001080e+01
5.740000000000000000e+02 3.554006968641115066e-02 2.040000000000000213e+01
5.710000000000000000e+02 1.407355516637478210e-01 8.036000000000001364e+01
5.680000000000000000e+02 8.579225352112677949e-02 4.873000000000001108e+01
5.700000000000000000e+02 2.615789473684210567e-02 1.491000000000000014e+01
5.720000000000000000e+02 1.511538461538461664e-01 8.646000000000000796e+01
5.710000000000000000e+02 1.074781085814360687e-01 6.136999999999999744e+01
5.740000000000000000e+02 1.993728222996515587e-01 1.144399999999999977e+02
5.740000000000000000e+02 2.569686411149826183e-02 1.475000000000000178e+01
5.770000000000000000e+02 3.831889081455806118e-02 2.210999999999999943e+01
5.770000000000000000e+02 1.075563258232235669e-01 6.205999999999999517e+01
5.740000000000000000e+02 1.412891986062717598e-01 8.109999999999999432e+01
5.730000000000000000e+02 6.930191972076789331e-02 3.971000000000000085e+01
5.720000000000000000e+02 2.554895104895104629e-01 1.461399999999999864e+02
5.720000000000000000e+02 1.875874125874125997e-02 1.073000000000000043e+01
5.770000000000000000e+02 3.987868284228768961e-02 2.300999999999999801e+01
