2.400000000000000000e+01 0.000000000000000000e+00 0.000000000000000000e+00
5.270000000000000000e+02 7.260493358633776317e+00 3.826280000000000200e+03
5.650000000000000000e+02 4.828088495575221017e+00 2.727869999999999891e+03
5.830000000000000000e+02 4.426963979416809636e+00 2.580920000000000073e+03
5.910000000000000000e+02 3.898104906937394531e+00 2.303780000000000200e+03
5.910000000000000000e+02 3.545279187817259370e+00 2.095260000000000218e+03
5.910000000000000000e+02 3.814111675126903300e+00 2.254139999999999873e+03
5.910000000000000000e+02 3.635549915397631171e+00 2.148610000000000127e+03
5.910000000000000000e+02 3.467326565143824091e+00 2.049190000000000055e+03
5.910000000000000000e+02 2.899323181049069387e+00 1.713500000000000000e+03
5.910000000000000000e+02 2.691319796954314558e+00 1.590569999999999936e+03
5.910000000000000000e+02 3.035888324873096344e+00 1.794210000000000036e+03
5.910000000000000000e+02 2.744720812182741110e+00 1.622129999999999882e+03
5.910000000000000000e+02 2.277648054145516188e+00 1.346090000000000146e+03
5.910000000000000000e+02 2.928849407783418179e+00 1.730950000000000045e+03
5.910000000000000000e+02 2.472470389170896787e+00 1.461230000000000018e+03
5.910000000000000000e+02 2.669407783417935498e+00 1.577619999999999891e+03
5.910000000000000000e+02 2.475566835871404692e+00 1.463060000000000173e+03
5.910000000000000000e+02 2.095956006768189717e+00 1.238710000000000036e+03
5.910000000000000000e+02 2.473773265651438180e+00 1.462000000000000000e+03
5.910000000000000000e+02 2.399390862944162262e+00 1.418039999999999964e+03
5.910000000000000000e+02 2.697258883248730754e+00 1.594079999999999927e+03
5.910000000000000000e+02 2.652301184433163872e+00 1.567509999999999764e+03
5.910000000000000000e+02 2.600981387478848994e+00 1.537179999999999836e+03
5.910000000000000000e+02 3.098003384094754953e+00 1.830920000000000073e+03
5.910000000000000000e+02 2.471269035532994707e+00 1.460519999999999982e+03
5.910000000000000000e+02 2.077918781725888397e+00 1.228049999999999955e+03
5.910000000000000000e+02 2.484551607445008248e+00 1.468369999999999891e+03
5.910000000000000000e+02 2.464111675126903656e+00 1.456289999999999964e+03
5.910000000000000000e+02 2.667241962774957731e+00 1.576339999999999918e+03
5.910000000000000000e+02 2.642301184433164085e+00 1.561599999999999909e+03
5.910000000000000000e+02 2.726057529610828922e+00 1.611099999999999909e+03
5.910000000000000000e+02 3.229695431472081157e+00 1.908750000000000000e+03
5.910000000000000000e+02 3.005617597292724597e+00 1.776320000000000164e+03
5.910000000000000000e+02 2.723197969543146968e+00 1.609409999999999854e+03
5.910000000000000000e+02 2.394094754653130597e+00 1.414910000000000082e+03
5.910000000000000000e+02 2.197715736040608991e+00 1.298849999999999909e+03
5.910000000000000000e+02 2.459729272419628021e+00 1.453700000000000273e+03
5.910000000000000000e+02 3.292368866328257315e+00 1.945789999999999964e+03
5.910000000000000000e+02 2.599576988155668289e+00 1.536349999999999909e+03
5.910000000000000000e+02 2.699780033840947890e+00 1.595570000000000164e+03
5.910000000000000000e+02 2.199221658206429453e+00 1.299739999999999782e+03
5.910000000000000000e+02 2.706294416243654855e+00 1.599420000000000073e+03
5.910000000000000000e+02 2.872487309644669917e+00 1.697639999999999873e+03
5.910000000000000000e+02 2.426700507614212743e+00 1.434179999999999836e+03
5.910000000000000000e+02 2.267292724196277476e+00 1.339970000000000027e+03
5.910000000000000000e+02 2.325752961082910186e+00 1.374519999999999982e+03
5.910000000000000000e+02 2.399898477157360155e+00 1.418339999999999918e+03
5.910000000000000000e+02 2.988815566835871351e+00 1.766389999999999873e+03
5.910000000000000000e+02 2.201573604060913514e+00 1.301129999999999882e+03
5.910000000000000000e+02 2.653773265651438340e+00 1.568380000000000109e+03
5.910000000000000000e+02 3.107851099830794883e+00 1.836739999999999782e+03
5.910000000000000000e+02 2.869424703891709338e+00 1.695830000000000155e+03
5.910000000000000000e+02 2.631167512690355093e+00 1.555019999999999982e+03
5.910000000000000000e+02 2.478341793570220108e+00 1.464700000000000045e+03
5.910000000000000000e+02 2.811302876480541446e+00 1.661480000000000018e+03
5.910000000000000000e+02 3.027072758037224975e+00 1.789000000000000000e+03
5.910000000000000000e+02 2.705059221658206337e+00 1.598690000000000055e+03
5.910000000000000000e+02 2.190609137055837596e+00 1.294650000000000091e+03
5.910000000000000000e+02 2.247461928934010089e+00 1.328250000000000000e+03
5.910000000000000000e+02 2.344077834179356667e+00 1.385349999999999909e+03
5.910000000000000000e+02 2.629103214890016638e+00 1.553799999999999955e+03
5.910000000000000000e+02 2.646345177664974457e+00 1.563989999999999782e+03
5.910000000000000000e+02 2.326869712351946173e+00 1.375180000000000064e+03
5.910000000000000000e+02 2.653942470389170971e+00 1.568480000000000018e+03
5.910000000000000000e+02 3.251252115059221737e+00 1.921490000000000009e+03
5.910000000000000000e+02 2.672808798646361783e+00 1.579629999999999882e+03
5.910000000000000000e+02 2.905905245346869670e+00 1.717390000000000100e+03
5.910000000000000000e+02 2.484179357021996548e+00 1.468150000000000091e+03
5.910000000000000000e+02 2.835532994923858130e+00 1.675800000000000182e+03
5.910000000000000000e+02 2.631793570219966405e+00 1.555390000000000100e+03
5.910000000000000000e+02 3.164263959390863246e+00 1.870080000000000155e+03
5.910000000000000000e+02 2.631556683587140455e+00 1.555250000000000000e+03
5.910000000000000000e+02 2.545076142131979413e+00 1.504139999999999873e+03
5.910000000000000000e+02 2.437512690355330136e+00 1.440570000000000164e+03
5.910000000000000000e+02 2.438071065989847686e+00 1.440900000000000091e+03
5.910000000000000000e+02 2.485126903553299460e+00 1.468710000000000036e+03
5.910000000000000000e+02 2.318138747884940898e+00 1.370019999999999982e+03
5.910000000000000000e+02 2.564890016920474025e+00 1.515850000000000136e+03
5.910000000000000000e+02 2.788121827411167430e+00 1.647779999999999973e+03
5.910000000000000000e+02 2.477952622673434746e+00 1.464470000000000027e+03
5.910000000000000000e+02 2.661878172588832747e+00 1.573170000000000073e+03
5.910000000000000000e+02 2.948291032148900204e+00 1.742440000000000055e+03
5.910000000000000000e+02 3.080896785109982883e+00 1.820809999999999945e+03
5.910000000000000000e+02 2.935566835871404212e+00 1.734919999999999845e+03
5.910000000000000000e+02 2.624754653130287885e+00 1.551230000000000018e+03
5.910000000000000000e+02 2.286818950930626038e+00 1.351509999999999991e+03
5.910000000000000000e+02 2.679340101522842854e+00 1.583490000000000009e+03
5.910000000000000000e+02 2.151438240270727498e+00 1.271500000000000000e+03
5.910000000000000000e+02 1.675465313028764891e+00 9.902000000000000455e+02
5.910000000000000000e+02 1.924991539763113435e+00 1.137670000000000073e+03
5.910000000000000000e+02 2.954331641285956156e+00 1.746009999999999991e+03
5.910000000000000000e+02 2.479137055837563608e+00 1.465170000000000073e+03
5.910000000000000000e+02 2.715634517766497336e+00 1.604940000000000055e+03
5.910000000000000000e+02 2.527038917089678538e+00 1.493480000000000018e+03
5.910000000000000000e+02 2.734720812182740879e+00 1.616219999999999800e+03
5.910000000000000000e+02 2.865939086294416072e+00 1.693769999999999982e+03
5.910000000000000000e+02 3.071725888324873477e+00 1.815390000000000100e+03
5.910000000000000000e+02 2.632994923857868041e+00 1.556099999999999909e+03
5.910000000000000000e+02 1.832673434856175732e+00 1.083109999999999900e+03
