2.400000000000000000e+01 0.000000000000000000e+00 0.000000000000000000e+00
3.780000000000000000e+02 7.593730158730158664e+00 2.870429999999999836e+03
3.930000000000000000e+02 6.353460559796436868e+00 2.496909999999999854e+03
3.930000000000000000e+02 5.995241730279898817e+00 2.356130000000000109e+03
3.930000000000000000e+02 5.534656488549617670e+00 2.175119999999999891e+03
3.930000000000000000e+02 5.383664122137403751e+00 2.115779999999999745e+03
3.930000000000000000e+02 5.133536895674301270e+00 2.017480000000000246e+03
3.930000000000000000e+02 5.127633587786259106e+00 2.015159999999999854e+03
3.930000000000000000e+02 4.878854961832060688e+00 1.917389999999999873e+03
3.930000000000000000e+02 4.323256997455470874e+00 1.699039999999999964e+03
3.930000000000000000e+02 4.686030534351144361e+00 1.841609999999999900e+03
3.930000000000000000e+02 4.290254452926208550e+00 1.686069999999999936e+03
3.930000000000000000e+02 3.811221374045801191e+00 1.497809999999999945e+03
3.930000000000000000e+02 4.313486005089058217e+00 1.695199999999999818e+03
3.930000000000000000e+02 4.575852417302798791e+00 1.798309999999999945e+03
3.930000000000000000e+02 4.674274809160305466e+00 1.836990000000000009e+03
3.930000000000000000e+02 4.549872773536895565e+00 1.788099999999999909e+03
3.930000000000000000e+02 4.817964376590330389e+00 1.893459999999999809e+03
3.930000000000000000e+02 4.599465648854962119e+00 1.807590000000000146e+03
3.930000000000000000e+02 4.278396946564885006e+00 1.681409999999999854e+03
3.930000000000000000e+02 4.325928753180662056e+00 1.700090000000000146e+03
3.930000000000000000e+02 3.994325699745547187e+00 1.569769999999999982e+03
3.930000000000000000e+02 4.603104325699745480e+00 1.809019999999999982e+03
3.930000000000000000e+02 4.582697201017811750e+00 1.801000000000000000e+03
3.930000000000000000e+02 4.954554707379134726e+00 1.947140000000000100e+03
3.930000000000000000e+02 4.282417302798982028e+00 1.682990000000000009e+03
3.930000000000000000e+02 4.527175572519083424e+00 1.779179999999999836e+03
3.930000000000000000e+02 5.173358778625954280e+00 2.033130000000000109e+03
3.930000000000000000e+02 3.962926208651399662e+00 1.557430000000000064e+03
3.930000000000000000e+02 4.957150127226463532e+00 1.948160000000000082e+03
3.930000000000000000e+02 4.678091603053434966e+00 1.838490000000000009e+03
3.930000000000000000e+02 4.805241730279898427e+00 1.888460000000000036e+03
3.930000000000000000e+02 4.795597964376590028e+00 1.884669999999999845e+03
3.930000000000000000e+02 4.738371501272264474e+00 1.862179999999999836e+03
3.930000000000000000e+02 4.847022900763358066e+00 1.904879999999999882e+03
3.930000000000000000e+02 4.156183206106870642e+00 1.633380000000000109e+03
3.930000000000000000e+02 4.402162849872773620e+00 1.730049999999999955e+03
3.930000000000000000e+02 4.084376590330788481e+00 1.605159999999999854e+03
3.930000000000000000e+02 4.138600508905852848e+00 1.626470000000000027e+03
3.930000000000000000e+02 4.728346055979644191e+00 1.858240000000000009e+03
3.930000000000000000e+02 4.652569974554706889e+00 1.828459999999999809e+03
3.930000000000000000e+02 4.190814249363867816e+00 1.646990000000000009e+03
3.930000000000000000e+02 4.534351145038168163e+00 1.782000000000000000e+03
3.930000000000000000e+02 4.496793893129771291e+00 1.767240000000000009e+03
3.930000000000000000e+02 3.976412213740458057e+00 1.562730000000000018e+03
3.930000000000000000e+02 3.597506361323155488e+00 1.413820000000000164e+03
3.930000000000000000e+02 3.700458015267174883e+00 1.454279999999999745e+03
3.930000000000000000e+02 4.081094147582697396e+00 1.603870000000000118e+03
3.930000000000000000e+02 4.629414758269720487e+00 1.819360000000000127e+03
3.930000000000000000e+02 4.516132315521628193e+00 1.774839999999999918e+03
3.930000000000000000e+02 4.165852417302799537e+00 1.637180000000000064e+03
3.930000000000000000e+02 4.568346055979644049e+00 1.795360000000000127e+03
3.930000000000000000e+02 4.140916030534351755e+00 1.627380000000000109e+03
3.930000000000000000e+02 4.664452926208651817e+00 1.833130000000000109e+03
3.930000000000000000e+02 5.009160305343510977e+00 1.968599999999999909e+03
3.930000000000000000e+02 4.173944020356233686e+00 1.640359999999999900e+03
3.930000000000000000e+02 4.293129770992366367e+00 1.687199999999999818e+03
3.930000000000000000e+02 5.248982188295165940e+00 2.062850000000000364e+03
3.930000000000000000e+02 5.048982188295165763e+00 1.984250000000000000e+03
3.930000000000000000e+02 4.279923664122136984e+00 1.682009999999999991e+03
3.930000000000000000e+02 4.867837150127225954e+00 1.913059999999999945e+03
3.930000000000000000e+02 4.144834605597964128e+00 1.628920000000000073e+03
3.930000000000000000e+02 4.320559796437659195e+00 1.697980000000000018e+03
3.930000000000000000e+02 4.518269720101780962e+00 1.775680000000000064e+03
3.930000000000000000e+02 4.400508905852417385e+00 1.729399999999999864e+03
3.930000000000000000e+02 5.078091603053435321e+00 1.995690000000000055e+03
3.930000000000000000e+02 4.815877862595420389e+00 1.892640000000000100e+03
3.930000000000000000e+02 4.791195928753181121e+00 1.882940000000000055e+03
3.930000000000000000e+02 4.707709923664122442e+00 1.850130000000000109e+03
3.930000000000000000e+02 4.395089058524172643e+00 1.727269999999999982e+03
3.930000000000000000e+02 4.971857506361323509e+00 1.953940000000000055e+03
3.930000000000000000e+02 4.859058524173028637e+00 1.909610000000000127e+03
3.930000000000000000e+02 5.080966921119593138e+00 1.996820000000000164e+03
3.930000000000000000e+02 5.320152671755725926e+00 2.090820000000000164e+03
3.930000000000000000e+02 4.789338422391857364e+00 1.882210000000000036e+03
3.930000000000000000e+02 4.240534351145038627e+00 1.666530000000000200e+03
3.930000000000000000e+02 4.259363867684477611e+00 1.673929999999999836e+03
3.930000000000000000e+02 3.786615776081424745e+00 1.488139999999999873e+03
3.930000000000000000e+02 3.995190839694656937e+00 1.570110000000000127e+03
3.930000000000000000e+02 4.261068702290076615e+00 1.674600000000000136e+03
3.930000000000000000e+02 4.348880407124681824e+00 1.709109999999999900e+03
3.930000000000000000e+02 4.578320610687022452e+00 1.799279999999999745e+03
3.930000000000000000e+02 4.461094147582697289e+00 1.753210000000000036e+03
3.930000000000000000e+02 4.436361323155216141e+00 1.743490000000000009e+03
3.930000000000000000e+02 4.415496183206106373e+00 1.735289999999999964e+03
3.930000000000000000e+02 4.894885496183206008e+00 1.923690000000000055e+03
3.930000000000000000e+02 4.686412213740457133e+00 1.841759999999999764e+03
3.930000000000000000e+02 4.944707379134859693e+00 1.943269999999999982e+03
3.930000000000000000e+02 4.434198473282441988e+00 1.742639999999999873e+03
3.930000000000000000e+02 4.380534351145038308e+00 1.721549999999999955e+03
3.930000000000000000e+02 4.636793893129771860e+00 1.822260000000000218e+03
3.930000000000000000e+02 4.272671755725190756e+00 1.679159999999999854e+03
3.930000000000000000e+02 4.221603053435114994e+00 1.659090000000000146e+03
3.930000000000000000e+02 4.258142493638676029e+00 1.673449999999999818e+03
3.930000000000000000e+02 3.905597964376590348e+00 1.534900000000000091e+03
3.930000000000000000e+02 4.389999999999999680e+00 1.725269999999999982e+03
3.930000000000000000e+02 4.365114503816793778e+00 1.715490000000000009e+03
3.930000000000000000e+02 4.733918575063613687e+00 1.860430000000000291e+03
3.930000000000000000e+02 4.560636132315521785e+00 1.792329999999999927e+03
3.930000000000000000e+02 4.454045801526717696e+00 1.750440000000000055e+03
