2.400000000000000000e+01 0.000000000000000000e+00 0.000000000000000000e+00
5.990000000000000000e+02 7.478848080133555953e+00 4.479829999999999927e+03
7.310000000000000000e+02 4.062503419972640195e+00 2.969690000000000055e+03
7.540000000000000000e+02 3.479734748010610446e+00 2.623720000000000255e+03
7.670000000000000000e+02 3.294093872229465259e+00 2.526569999999999709e+03
7.760000000000000000e+02 2.869806701030928053e+00 2.226970000000000255e+03
7.790000000000000000e+02 3.009370988446726791e+00 2.344300000000000182e+03
7.790000000000000000e+02 2.766148908857509525e+00 2.154829999999999927e+03
7.790000000000000000e+02 2.012824133504492963e+00 1.567990000000000009e+03
7.790000000000000000e+02 1.996919127086007606e+00 1.555599999999999909e+03
7.790000000000000000e+02 2.107098844672656845e+00 1.641429999999999836e+03
7.870000000000000000e+02 2.541702668360864337e+00 2.000320000000000164e+03
7.900000000000000000e+02 1.855202531645569586e+00 1.465609999999999900e+03
7.900000000000000000e+02 1.721468354430379710e+00 1.359960000000000036e+03
7.900000000000000000e+02 1.827392405063291259e+00 1.443640000000000100e+03
7.900000000000000000e+02 1.906493670886076019e+00 1.506130000000000109e+03
7.900000000000000000e+02 2.090265822784810545e+00 1.651310000000000173e+03
7.900000000000000000e+02 1.697569620253164491e+00 1.341079999999999927e+03
7.900000000000000000e+02 1.687088607594936951e+00 1.332800000000000182e+03
7.890000000000000000e+02 2.040506970849176316e+00 1.609960000000000036e+03
7.900000000000000000e+02 1.744151898734177308e+00 1.377880000000000109e+03
7.900000000000000000e+02 1.842594936708860542e+00 1.455649999999999864e+03
7.900000000000000000e+02 1.929481012658227801e+00 1.524289999999999964e+03
7.900000000000000000e+02 2.035481012658227673e+00 1.608029999999999973e+03
7.900000000000000000e+02 1.976303797468354384e+00 1.561279999999999973e+03
7.900000000000000000e+02 1.949202531645569669e+00 1.539870000000000118e+03
7.900000000000000000e+02 2.012329113924050450e+00 1.589739999999999782e+03
7.900000000000000000e+02 1.483835443037974766e+00 1.172230000000000018e+03
7.900000000000000000e+02 1.843101265822784995e+00 1.456050000000000182e+03
7.900000000000000000e+02 2.150759493670885814e+00 1.699099999999999909e+03
7.900000000000000000e+02 1.969999999999999973e+00 1.556299999999999955e+03
7.900000000000000000e+02 2.175645569620253017e+00 1.718759999999999991e+03
7.900000000000000000e+02 2.026911392405063239e+00 1.601259999999999991e+03
7.900000000000000000e+02 1.860417721518987433e+00 1.469730000000000018e+03
7.900000000000000000e+02 1.950316455696202489e+00 1.540750000000000000e+03
7.900000000000000000e+02 1.714860759493671116e+00 1.354740000000000236e+03
7.900000000000000000e+02 1.708481012658227938e+00 1.349700000000000045e+03
7.900000000000000000e+02 2.158670886075949369e+00 1.705349999999999909e+03
7.900000000000000000e+02 1.990886075949367395e+00 1.572800000000000182e+03
7.900000000000000000e+02 1.905696202531645511e+00 1.505500000000000000e+03
7.900000000000000000e+02 1.763974683544303756e+00 1.393539999999999964e+03
7.900000000000000000e+02 1.670354430379746846e+00 1.319579999999999927e+03
7.900000000000000000e+02 2.364025316455696135e+00 1.867579999999999927e+03
7.900000000000000000e+02 2.132215189873417849e+00 1.684450000000000045e+03
7.900000000000000000e+02 1.728012658227848330e+00 1.365130000000000109e+03
7.900000000000000000e+02 1.798303797468354448e+00 1.420660000000000082e+03
7.900000000000000000e+02 2.190531645569620434e+00 1.730519999999999982e+03
7.900000000000000000e+02 1.801531645569620199e+00 1.423210000000000036e+03
7.900000000000000000e+02 2.019911392405063122e+00 1.595730000000000018e+03
7.900000000000000000e+02 1.911037974683544416e+00 1.509720000000000027e+03
7.900000000000000000e+02 1.966253164556961863e+00 1.553339999999999918e+03
7.900000000000000000e+02 1.907164556962025470e+00 1.506660000000000082e+03
7.900000000000000000e+02 2.243518987341771798e+00 1.772379999999999882e+03
7.900000000000000000e+02 1.955417721518987628e+00 1.544780000000000200e+03
7.900000000000000000e+02 1.628341772151898903e+00 1.286390000000000100e+03
7.900000000000000000e+02 2.220164556962025415e+00 1.753930000000000064e+03
7.900000000000000000e+02 2.391392405063291093e+00 1.889199999999999818e+03
7.900000000000000000e+02 2.051658227848101035e+00 1.620809999999999945e+03
7.900000000000000000e+02 1.840607594936708669e+00 1.454079999999999927e+03
7.900000000000000000e+02 2.029303797468354542e+00 1.603150000000000091e+03
7.900000000000000000e+02 2.016139240506328978e+00 1.592750000000000000e+03
7.900000000000000000e+02 1.778531645569620290e+00 1.405039999999999964e+03
7.900000000000000000e+02 1.568531645569620103e+00 1.239139999999999873e+03
7.900000000000000000e+02 1.665379746835442765e+00 1.315649999999999864e+03
7.900000000000000000e+02 1.773683544303797488e+00 1.401210000000000036e+03
7.900000000000000000e+02 1.677670886075949497e+00 1.325360000000000127e+03
7.900000000000000000e+02 1.725151898734177180e+00 1.362869999999999891e+03
7.900000000000000000e+02 1.576405063291139053e+00 1.245359999999999900e+03
7.900000000000000000e+02 1.753468354430379739e+00 1.385240000000000009e+03
7.900000000000000000e+02 1.875531645569620265e+00 1.481670000000000073e+03
7.900000000000000000e+02 1.996468354430379843e+00 1.577210000000000036e+03
7.900000000000000000e+02 1.837468354430379591e+00 1.451599999999999909e+03
7.900000000000000000e+02 1.573468354430379357e+00 1.243039999999999736e+03
7.900000000000000000e+02 2.364481012658227854e+00 1.867940000000000055e+03
7.900000000000000000e+02 2.282088607594936480e+00 1.802849999999999909e+03
7.900000000000000000e+02 2.175265822784810066e+00 1.718459999999999809e+03
7.900000000000000000e+02 1.972303797468354380e+00 1.558119999999999891e+03
7.900000000000000000e+02 2.118860759493670809e+00 1.673900000000000091e+03
7.900000000000000000e+02 2.130050632911392849e+00 1.682740000000000236e+03
7.900000000000000000e+02 2.056797468354430336e+00 1.624869999999999891e+03
7.900000000000000000e+02 1.956962025316455689e+00 1.546000000000000000e+03
7.900000000000000000e+02 1.784354430379746725e+00 1.409639999999999873e+03
7.900000000000000000e+02 2.401316455696202556e+00 1.897040000000000191e+03
7.900000000000000000e+02 2.280974683544303883e+00 1.801970000000000027e+03
7.900000000000000000e+02 2.251594936708861017e+00 1.778760000000000218e+03
7.900000000000000000e+02 1.752189873417721477e+00 1.384230000000000018e+03
7.900000000000000000e+02 1.685759493670886178e+00 1.331750000000000000e+03
7.900000000000000000e+02 2.321835443037974844e+00 1.834250000000000000e+03
7.900000000000000000e+02 1.933025316455696085e+00 1.527089999999999918e+03
7.900000000000000000e+02 1.892050632911392416e+00 1.494720000000000027e+03
7.900000000000000000e+02 1.659417721518987365e+00 1.310940000000000055e+03
7.900000000000000000e+02 1.762000000000000011e+00 1.391980000000000018e+03
7.900000000000000000e+02 1.981784810126582252e+00 1.565609999999999900e+03
7.900000000000000000e+02 2.056341772151898617e+00 1.624509999999999991e+03
7.900000000000000000e+02 1.757746835443037892e+00 1.388619999999999891e+03
7.900000000000000000e+02 1.556632911392405116e+00 1.229740000000000009e+03
7.900000000000000000e+02 2.017632911392404971e+00 1.593929999999999836e+03
7.900000000000000000e+02 1.758721518987341526e+00 1.389389999999999873e+03
7.900000000000000000e+02 1.464063291139240386e+00 1.156609999999999900e+03
7.900000000000000000e+02 1.465417721518987193e+00 1.157679999999999836e+03
