1.400000000000000000e+01 0.000000000000000000e+00 0.000000000000000000e+00
1.900000000000000000e+01 1.011999999999999922e+01 1.922800000000000011e+02
1.900000000000000000e+01 8.327368421052630865e+00 1.582199999999999704e+02
1.900000000000000000e+01 4.070000000000000284e+00 7.733000000000001251e+01
1.900000000000000000e+01 8.727368421052631220e+00 1.658199999999999932e+02
1.900000000000000000e+01 5.979999999999999538e+00 1.136199999999999903e+02
1.900000000000000000e+01 3.789473684210526105e+00 7.200000000000000000e+01
1.900000000000000000e+01 5.386315789473683502e+00 1.023399999999999892e+02
1.900000000000000000e+01 6.264736842105262937e+00 1.190300000000000011e+02
1.900000000000000000e+01 7.668947368421052957e+00 1.457100000000000080e+02
1.900000000000000000e+01 5.586315789473684568e+00 1.061400000000000006e+02
1.900000000000000000e+01 5.360000000000000320e+00 1.018400000000000034e+02
1.900000000000000000e+01 4.427368421052631398e+00 8.412000000000000455e+01
1.900000000000000000e+01 2.873157894736841911e+00 5.458999999999999631e+01
1.900000000000000000e+01 7.676842105263157023e+00 1.458599999999999852e+02
1.900000000000000000e+01 4.055263157894736459e+00 7.704999999999999716e+01
1.900000000000000000e+01 6.010526315789474161e+00 1.142000000000000028e+02
1.900000000000000000e+01 5.418947368421052957e+00 1.029600000000000080e+02
1.900000000000000000e+01 6.263684210526315077e+00 1.190099999999999909e+02
1.900000000000000000e+01 5.388947368421052708e+00 1.023900000000000006e+02
1.900000000000000000e+01 2.932105263157894548e+00 5.570999999999999375e+01
1.900000000000000000e+01 8.080526315789471781e+00 1.535299999999999727e+02
1.900000000000000000e+01 6.707894736842104244e+00 1.274499999999999886e+02
1.900000000000000000e+01 6.228947368421052566e+00 1.183499999999999943e+02
1.900000000000000000e+01 6.733684210526316605e+00 1.279400000000000119e+02
1.900000000000000000e+01 5.121578947368421453e+00 9.731000000000000227e+01
1.900000000000000000e+01 4.490526315789473699e+00 8.532000000000000739e+01
1.900000000000000000e+01 3.756842105263157539e+00 7.137999999999999545e+01
1.900000000000000000e+01 5.011052631578946759e+00 9.520999999999999375e+01
1.900000000000000000e+01 4.529999999999999361e+00 8.606999999999999318e+01
1.900000000000000000e+01 2.415789473684210265e+00 4.589999999999999858e+01
1.900000000000000000e+01 4.555263157894736459e+00 8.654999999999999716e+01
1.900000000000000000e+01 3.313157894736842302e+00 6.295000000000000284e+01
1.900000000000000000e+01 1.545789473684210380e+00 2.936999999999999744e+01
1.900000000000000000e+01 4.389999999999999680e+00 8.340999999999999659e+01
1.900000000000000000e+01 3.542631578947367910e+00 6.730999999999998806e+01
1.900000000000000000e+01 2.389473684210525750e+00 4.539999999999999147e+01
1.900000000000000000e+01 4.725263157894737276e+00 8.978000000000000114e+01
1.900000000000000000e+01 4.158947368421052282e+00 7.901999999999999602e+01
1.900000000000000000e+01 2.451578947368421080e+00 4.657999999999999829e+01
1.900000000000000000e+01 1.931052631578947354e+00 3.668999999999999773e+01
1.900000000000000000e+01 5.290000000000000036e+00 1.005100000000000051e+02
1.900000000000000000e+01 4.767894736842104741e+00 9.058999999999998920e+01
1.900000000000000000e+01 4.111052631578947292e+00 7.810999999999999943e+01
1.900000000000000000e+01 4.991578947368420671e+00 9.483999999999998920e+01
1.900000000000000000e+01 4.151052631578947327e+00 7.887000000000000455e+01
1.900000000000000000e+01 5.197894736842105345e+00 9.876000000000000512e+01
1.900000000000000000e+01 4.925789473684210940e+00 9.359000000000000341e+01
1.900000000000000000e+01 6.440526315789473877e+00 1.223700000000000045e+02
1.900000000000000000e+01 5.911052631578947114e+00 1.123099999999999881e+02
1.900000000000000000e+01 3.389999999999999680e+00 6.440999999999999659e+01
1.900000000000000000e+01 4.483684210526315717e+00 8.518999999999999773e+01
1.900000000000000000e+01 5.294210526315789700e+00 1.005900000000000034e+02
1.900000000000000000e+01 2.646842105263157663e+00 5.028999999999999204e+01
1.900000000000000000e+01 4.535789473684211259e+00 8.618000000000000682e+01
1.900000000000000000e+01 3.166315789473684195e+00 6.015999999999999659e+01
1.900000000000000000e+01 6.809473684210526123e+00 1.293799999999999955e+02
1.900000000000000000e+01 4.093157894736841662e+00 7.776999999999999602e+01
1.900000000000000000e+01 3.228421052631579080e+00 6.134000000000000341e+01
1.900000000000000000e+01 3.337894736842105026e+00 6.341999999999999460e+01
1.900000000000000000e+01 1.966842105263158169e+00 3.737000000000000455e+01
1.900000000000000000e+01 5.447368421052630971e+00 1.034999999999999858e+02
1.900000000000000000e+01 4.535263157894735997e+00 8.616999999999998749e+01
1.900000000000000000e+01 2.911578947368420600e+00 5.531999999999999318e+01
1.900000000000000000e+01 4.971052631578947612e+00 9.445000000000000284e+01
1.900000000000000000e+01 3.798947368421052406e+00 7.217999999999999261e+01
1.900000000000000000e+01 4.642631578947368887e+00 8.821000000000000796e+01
1.900000000000000000e+01 2.972105263157894584e+00 5.646999999999999886e+01
1.900000000000000000e+01 5.596842105263156952e+00 1.063399999999999892e+02
1.900000000000000000e+01 7.276315789473684070e+00 1.382500000000000000e+02
1.900000000000000000e+01 4.086315789473684568e+00 7.764000000000000057e+01
1.900000000000000000e+01 6.212105263157893908e+00 1.180299999999999869e+02
1.900000000000000000e+01 4.190526315789473877e+00 7.962000000000000455e+01
1.900000000000000000e+01 2.686315789473684212e+00 5.103999999999999915e+01
1.900000000000000000e+01 4.188947368421052531e+00 7.959000000000000341e+01
1.900000000000000000e+01 3.920000000000000373e+00 7.448000000000000398e+01
1.900000000000000000e+01 4.038421052631579578e+00 7.673000000000000398e+01
1.900000000000000000e+01 1.040526315789473744e+00 1.976999999999999957e+01
1.900000000000000000e+01 2.421578947368420831e+00 4.600999999999999801e+01
1.900000000000000000e+01 2.505789473684210567e+00 4.760999999999999943e+01
1.900000000000000000e+01 1.115263157894736734e+00 2.118999999999999773e+01
1.900000000000000000e+01 2.507368421052631469e+00 4.764000000000000057e+01
1.900000000000000000e+01 1.734736842105263133e+00 3.296000000000000085e+01
1.900000000000000000e+01 3.749473684210526070e+00 7.123999999999999488e+01
1.900000000000000000e+01 5.115263157894736956e+00 9.718999999999999773e+01
1.900000000000000000e+01 3.988421052631578867e+00 7.578000000000000114e+01
1.900000000000000000e+01 2.959473684210526478e+00 5.623000000000000398e+01
1.900000000000000000e+01 2.791052631578947452e+00 5.303000000000000114e+01
1.900000000000000000e+01 5.554210526315789487e+00 1.055300000000000011e+02
1.900000000000000000e+01 3.207894736842105576e+00 6.095000000000000284e+01
1.900000000000000000e+01 2.765263157894736867e+00 5.253999999999999915e+01
1.900000000000000000e+01 4.401052631578947327e+00 8.362000000000000455e+01
1.900000000000000000e+01 2.278421052631578902e+00 4.328999999999999915e+01
1.900000000000000000e+01 9.726315789473684026e-01 1.848000000000000043e+01
1.900000000000000000e+01 3.131578947368421240e+00 5.950000000000000000e+01
1.900000000000000000e+01 4.057894736842104777e+00 7.709999999999999432e+01
1.900000000000000000e+01 3.947894736842104901e+00 7.500999999999999091e+01
1.900000000000000000e+01 1.928421052631579036e+00 3.664000000000000057e+01
1.900000000000000000e+01 3.145789473684210691e+00 5.977000000000000313e+01
1.900000000000000000e+01 3.378947368421052033e+00 6.419999999999998863e+01
