2.400000000000000000e+01 0.000000000000000000e+00 0.000000000000000000e+00
5.470000000000000000e+02 2.122285191956124084e+00 1.160889999999999873e+03
6.570000000000000000e+02 1.584018264840182821e+00 1.040700000000000045e+03
6.650000000000000000e+02 8.267218045112781910e-01 5.497699999999999818e+02
6.920000000000000000e+02 1.338786127167630235e+00 9.264400000000000546e+02
7.090000000000000000e+02 9.059802538787022907e-01 6.423399999999999181e+02
7.170000000000000000e+02 8.033751743375173726e-01 5.760199999999999818e+02
7.280000000000000000e+02 6.622664835164835395e-01 4.821299999999999955e+02
7.290000000000000000e+02 5.389163237311385135e-01 3.928700000000000045e+02
7.290000000000000000e+02 4.081618655692729747e-01 2.975500000000000114e+02
7.270000000000000000e+02 4.958046767537826471e-01 3.604499999999999886e+02
7.280000000000000000e+02 1.812912087912087744e-01 1.319799999999999898e+02
7.270000000000000000e+02 2.580467675378267031e-02 1.876000000000000156e+01
7.270000000000000000e+02 5.161898211829436534e-01 3.752700000000000387e+02
7.280000000000000000e+02 7.621565934065932524e-01 5.548499999999999091e+02
7.290000000000000000e+02 8.952263374485598391e-01 6.526200000000001182e+02
7.260000000000000000e+02 1.242561983471074522e-01 9.021000000000000796e+01
7.260000000000000000e+02 4.177685950413222854e-02 3.032999999999999829e+01
7.260000000000000000e+02 1.288429752066115597e-01 9.353999999999999204e+01
7.240000000000000000e+02 2.522651933701657301e-01 1.826399999999999864e+02
7.250000000000000000e+02 1.414620689655172459e-01 1.025600000000000023e+02
7.270000000000000000e+02 1.599037138927097701e-01 1.162500000000000000e+02
7.260000000000000000e+02 2.240633608815427169e-01 1.626700000000000159e+02
7.270000000000000000e+02 3.719532324621733221e-01 2.704100000000000250e+02
7.250000000000000000e+02 5.566344827586207078e-01 4.035600000000000023e+02
7.280000000000000000e+02 4.034752747252747240e-01 2.937300000000000182e+02
7.280000000000000000e+02 5.976510989010989094e-01 4.350900000000000318e+02
7.280000000000000000e+02 2.842582417582417698e-01 2.069399999999999977e+02
7.260000000000000000e+02 1.454545454545454475e-01 1.055999999999999943e+02
7.260000000000000000e+02 2.482369146005509175e-01 1.802199999999999704e+02
7.220000000000000000e+02 5.951523545706371293e-02 4.296999999999999886e+01
7.220000000000000000e+02 2.802770083102493204e-01 2.023600000000000136e+02
7.290000000000000000e+02 4.875720164609053664e-01 3.554399999999999977e+02
7.280000000000000000e+02 1.277609890109890067e-01 9.301000000000000512e+01
7.280000000000000000e+02 2.228708791208791340e-01 1.622500000000000000e+02
7.300000000000000000e+02 4.598630136986301964e-01 3.357000000000000455e+02
7.310000000000000000e+02 3.603830369357045038e-01 2.634399999999999977e+02
7.300000000000000000e+02 2.631095890410958815e-01 1.920699999999999932e+02
7.300000000000000000e+02 1.483150684931506813e-01 1.082699999999999960e+02
7.370000000000000000e+02 1.763364993215739140e-01 1.299599999999999795e+02
7.390000000000000000e+02 5.087415426251691297e-01 3.759599999999999795e+02
7.390000000000000000e+02 2.254668470906630584e-01 1.666200000000000045e+02
7.380000000000000000e+02 2.721815718157181707e-01 2.008700000000000045e+02
7.370000000000000000e+02 3.821031207598371005e-01 2.816099999999999568e+02
7.360000000000000000e+02 3.948777173913043392e-01 2.906299999999999955e+02
7.360000000000000000e+02 3.533016304347825765e-01 2.600299999999999727e+02
7.360000000000000000e+02 1.723233695652174047e-01 1.268300000000000125e+02
7.360000000000000000e+02 4.773097826086956930e-02 3.513000000000000256e+01
7.370000000000000000e+02 4.010854816824965113e-02 2.955999999999999517e+01
7.310000000000000000e+02 7.570451436388508926e-02 5.534000000000000341e+01
7.290000000000000000e+02 1.959122085048010942e-01 1.428199999999999932e+02
7.300000000000000000e+02 1.745479452054794489e-01 1.274200000000000017e+02
7.310000000000000000e+02 5.983310533515732166e-01 4.373799999999999955e+02
7.290000000000000000e+02 1.862551440329218155e-01 1.357800000000000011e+02
7.290000000000000000e+02 1.182167352537722982e-01 8.618000000000000682e+01
7.270000000000000000e+02 8.101788170563960917e-03 5.889999999999999680e+00
7.280000000000000000e+02 1.297252747252747307e-01 9.444000000000001194e+01
7.280000000000000000e+02 1.110576923076923156e-01 8.085000000000000853e+01
7.350000000000000000e+02 2.263809523809523494e-01 1.663899999999999864e+02
7.360000000000000000e+02 3.099592391304348271e-01 2.281300000000000239e+02
7.370000000000000000e+02 1.048168249660786921e-01 7.725000000000000000e+01
7.340000000000000000e+02 6.994550408719346635e-02 5.134000000000000341e+01
7.310000000000000000e+02 6.503419972640218927e-02 4.753999999999999915e+01
7.290000000000000000e+02 5.787379972565157710e-02 4.218999999999999773e+01
7.300000000000000000e+02 1.021369863013698726e-01 7.456000000000000227e+01
7.290000000000000000e+02 4.209876543209876976e-02 3.069000000000000483e+01
7.280000000000000000e+02 2.305219780219780190e-01 1.678199999999999932e+02
7.300000000000000000e+02 2.102739726027397227e-01 1.535000000000000000e+02
7.300000000000000000e+02 3.930136986301369789e-02 2.869000000000000128e+01
7.340000000000000000e+02 2.790190735694822455e-02 2.047999999999999687e+01
7.290000000000000000e+02 2.911111111111111538e-01 2.122200000000000273e+02
7.250000000000000000e+02 4.151724137931034342e-02 3.010000000000000142e+01
7.310000000000000000e+02 5.796169630642955539e-02 4.237000000000000455e+01
7.340000000000000000e+02 7.420980926430517655e-02 5.446999999999999886e+01
7.330000000000000000e+02 3.864938608458389629e-02 2.832999999999999829e+01
7.330000000000000000e+02 2.141882673942701112e-02 1.569999999999999929e+01
7.260000000000000000e+02 8.206611570247933363e-02 5.957999999999999829e+01
7.260000000000000000e+02 3.604132231404958975e-01 2.616600000000000250e+02
7.270000000000000000e+02 6.558459422283356710e-02 4.767999999999999972e+01
7.310000000000000000e+02 5.422708618331053415e-02 3.964000000000000057e+01
7.260000000000000000e+02 1.087741046831955938e-01 7.896999999999999886e+01
7.220000000000000000e+02 5.508310249307478423e-02 3.976999999999999602e+01
7.290000000000000000e+02 2.388203017832647365e-02 1.741000000000000014e+01
7.260000000000000000e+02 1.178650137741046738e-01 8.556999999999999318e+01
7.330000000000000000e+02 4.566166439290586521e-02 3.346999999999999886e+01
7.340000000000000000e+02 2.163351498637602066e-01 1.587899999999999920e+02
7.350000000000000000e+02 1.194829931972788972e-01 8.781999999999999318e+01
7.370000000000000000e+02 2.065128900949796467e-02 1.522000000000000064e+01
7.360000000000000000e+02 9.020380434782607204e-02 6.638999999999998636e+01
7.340000000000000000e+02 7.171525885558582836e-01 5.263899999999999864e+02
7.350000000000000000e+02 4.970612244897959497e-01 3.653400000000000318e+02
7.400000000000000000e+02 1.692027027027026842e-01 1.252099999999999937e+02
7.390000000000000000e+02 1.254397834912043298e-02 9.269999999999999574e+00
7.370000000000000000e+02 5.747625508819538542e-02 4.235999999999999943e+01
7.330000000000000000e+02 4.491132332878581407e-02 3.292000000000000171e+01
7.340000000000000000e+02 9.070844686648500688e-02 6.657999999999999829e+01
7.350000000000000000e+02 8.125170068027211256e-02 5.971999999999999886e+01
7.330000000000000000e+02 3.117326057298771755e-02 2.284999999999999787e+01
7.320000000000000000e+02 7.532786885245901232e-02 5.514000000000000057e+01
7.290000000000000000e+02 5.958847736625513813e-02 4.343999999999999773e+01
