2.400000000000000000e+01 0.000000000000000000e+00 0.000000000000000000e+00
8.900000000000000000e+01 5.523707865168539399e+00 4.916100000000000136e+02
8.900000000000000000e+01 4.354382022471910751e+00 3.875400000000000773e+02
8.900000000000000000e+01 2.143146067415730549e+00 1.907400000000000091e+02
8.900000000000000000e+01 2.983707865168539364e+00 2.655500000000000114e+02
8.900000000000000000e+01 2.370000000000000107e+00 2.109300000000000068e+02
8.900000000000000000e+01 2.709662921348314768e+00 2.411599999999999966e+02
8.900000000000000000e+01 3.170224719101123245e+00 2.821499999999999773e+02
8.900000000000000000e+01 3.473033707865168740e+00 3.091000000000000227e+02
8.900000000000000000e+01 4.474943820224718927e+00 3.982699999999999818e+02
8.900000000000000000e+01 4.057191011235954825e+00 3.610899999999999750e+02
8.900000000000000000e+01 2.542359550561797743e+00 2.262699999999999818e+02
8.900000000000000000e+01 3.017865168539325627e+00 2.685899999999999750e+02
8.900000000000000000e+01 3.084044943820225093e+00 2.744800000000000182e+02
8.900000000000000000e+01 3.821685393258426711e+00 3.401299999999999955e+02
8.900000000000000000e+01 4.005393258426966696e+00 3.564800000000000182e+02
8.900000000000000000e+01 4.249662921348314804e+00 3.782200000000000273e+02
8.900000000000000000e+01 3.274044943820224596e+00 2.913899999999999864e+02
8.900000000000000000e+01 2.991573033707865203e+00 2.662500000000000000e+02
8.900000000000000000e+01 1.865393258426966128e+00 1.660199999999999818e+02
8.900000000000000000e+01 2.157865168539325751e+00 1.920500000000000114e+02
8.900000000000000000e+01 1.320898876404494438e+00 1.175600000000000023e+02
8.900000000000000000e+01 2.677191011235955376e+00 2.382700000000000102e+02
8.900000000000000000e+01 1.981910112359550391e+00 1.763899999999999864e+02
8.900000000000000000e+01 1.693707865168539328e+00 1.507400000000000091e+02
8.900000000000000000e+01 2.664831460674157437e+00 2.371700000000000159e+02
8.900000000000000000e+01 2.124494382022472205e+00 1.890800000000000125e+02
8.900000000000000000e+01 2.230449438202247059e+00 1.985099999999999909e+02
8.900000000000000000e+01 2.128539325842696783e+00 1.894399999999999977e+02
8.900000000000000000e+01 1.671460674157303261e+00 1.487599999999999909e+02
8.900000000000000000e+01 1.000337078651685419e+00 8.903000000000000114e+01
8.900000000000000000e+01 1.825505617977528416e+00 1.624700000000000273e+02
8.900000000000000000e+01 2.294044943820225058e+00 2.041700000000000159e+02
8.900000000000000000e+01 1.818539325842696952e+00 1.618500000000000227e+02
8.900000000000000000e+01 1.284494382022471903e+00 1.143199999999999932e+02
8.800000000000000000e+01 1.152954545454545343e+00 1.014599999999999937e+02
8.800000000000000000e+01 4.875000000000000444e-01 4.290000000000000568e+01
8.900000000000000000e+01 1.595842696629213187e+00 1.420299999999999727e+02
8.900000000000000000e+01 7.930337078651684690e-01 7.057999999999999829e+01
8.900000000000000000e+01 1.150224719101123450e+00 1.023699999999999903e+02
8.900000000000000000e+01 5.046067415730336458e-01 4.490999999999999659e+01
8.800000000000000000e+01 6.572727272727271197e-01 5.783999999999998920e+01
8.800000000000000000e+01 5.661363636363636598e-01 4.982000000000000028e+01
8.900000000000000000e+01 1.956516853932584121e+00 1.741299999999999955e+02
8.900000000000000000e+01 1.310337078651685472e+00 1.166200000000000045e+02
8.900000000000000000e+01 1.063483146067415896e+00 9.465000000000000568e+01
8.900000000000000000e+01 1.417078651685393043e+00 1.261199999999999903e+02
8.900000000000000000e+01 1.219325842696629136e+00 1.085199999999999960e+02
8.900000000000000000e+01 9.129213483146066954e-01 8.125000000000000000e+01
8.900000000000000000e+01 1.781685393258426897e+00 1.585699999999999932e+02
8.900000000000000000e+01 7.238202247191011240e-01 6.442000000000000171e+01
8.900000000000000000e+01 6.915730337078651591e-01 6.154999999999999716e+01
8.900000000000000000e+01 6.961797752808989159e-01 6.196000000000000796e+01
8.900000000000000000e+01 8.078651685393258841e-01 7.190000000000000568e+01
8.900000000000000000e+01 4.873033707865168096e-01 4.336999999999999744e+01
8.900000000000000000e+01 5.508988764044944197e-01 4.903000000000000114e+01
8.900000000000000000e+01 5.416853932584270170e-01 4.821000000000000085e+01
8.900000000000000000e+01 4.537078651685392816e-01 4.037999999999999545e+01
8.900000000000000000e+01 3.098876404494381731e-01 2.757999999999999829e+01
8.900000000000000000e+01 2.629325842696629500e+00 2.340100000000000193e+02
8.900000000000000000e+01 1.498089887640449369e+00 1.333299999999999841e+02
8.900000000000000000e+01 1.371573033707865319e+00 1.220700000000000074e+02
8.900000000000000000e+01 2.111910112359550507e+00 1.879599999999999795e+02
8.900000000000000000e+01 1.203707865168539337e+00 1.071299999999999955e+02
8.900000000000000000e+01 5.170786516853932424e-01 4.602000000000000313e+01
8.900000000000000000e+01 1.961348314606741638e+00 1.745600000000000023e+02
8.900000000000000000e+01 1.413707865168539302e+00 1.258199999999999932e+02
8.900000000000000000e+01 1.160674157303370979e+00 1.033000000000000114e+02
8.900000000000000000e+01 1.076292134831460690e+00 9.578999999999999204e+01
8.900000000000000000e+01 6.080898876404494668e-01 5.412000000000000455e+01
8.900000000000000000e+01 3.678651685393258819e-01 3.274000000000000199e+01
8.900000000000000000e+01 8.367415730337079971e-01 7.447000000000001307e+01
8.900000000000000000e+01 2.689887640449438178e-01 2.393999999999999773e+01
8.900000000000000000e+01 1.305617977528089890e-01 1.161999999999999922e+01
8.900000000000000000e+01 0.000000000000000000e+00 0.000000000000000000e+00
8.900000000000000000e+01 1.915730337078651868e-01 1.705000000000000071e+01
8.900000000000000000e+01 2.625842696629214212e-01 2.337000000000000455e+01
8.900000000000000000e+01 1.063258426966292136e+00 9.462999999999999545e+01
8.900000000000000000e+01 1.108651685393258202e+00 9.866999999999998749e+01
8.900000000000000000e+01 5.874157303370786121e-01 5.228000000000000114e+01
8.900000000000000000e+01 3.260674157303370957e-01 2.901999999999999957e+01
8.900000000000000000e+01 5.597752808988764039e-01 4.982000000000000028e+01
8.900000000000000000e+01 1.005168539325842714e+00 8.946000000000000796e+01
8.900000000000000000e+01 2.373258426966291967e+00 2.112199999999999989e+02
8.900000000000000000e+01 2.341573033707865292e+00 2.084000000000000057e+02
8.900000000000000000e+01 1.010561797752808966e+00 8.993999999999999773e+01
8.900000000000000000e+01 9.069662921348314866e-01 8.071999999999999886e+01
8.900000000000000000e+01 1.902134831460674302e+00 1.692900000000000205e+02
8.900000000000000000e+01 1.724382022471910192e+00 1.534699999999999989e+02
8.900000000000000000e+01 1.428426966292134725e+00 1.271299999999999955e+02
8.900000000000000000e+01 1.420000000000000151e+00 1.263800000000000097e+02
8.900000000000000000e+01 6.147191011235955127e-01 5.471000000000000085e+01
8.900000000000000000e+01 1.960898876404494118e+00 1.745199999999999818e+02
8.900000000000000000e+01 9.413483146067416207e-01 8.378000000000000114e+01
8.900000000000000000e+01 5.477528089887639950e-01 4.875000000000000000e+01
8.900000000000000000e+01 8.859550561797752133e-01 7.884999999999999432e+01
8.900000000000000000e+01 1.935280898876404310e+00 1.722399999999999807e+02
8.900000000000000000e+01 1.549101123595505669e+00 1.378700000000000045e+02
8.900000000000000000e+01 1.902471910112359499e+00 1.693199999999999932e+02
8.900000000000000000e+01 2.549775280898876062e+00 2.269299999999999784e+02
