2.200000000000000000e+01 0.000000000000000000e+00 0.000000000000000000e+00
5.900000000000000000e+01 1.016152542372881307e+01 5.995299999999999727e+02
5.900000000000000000e+01 7.521355932203388939e+00 4.437599999999999341e+02
5.900000000000000000e+01 5.723050847457627377e+00 3.376600000000000250e+02
5.900000000000000000e+01 5.598813559322034727e+00 3.303300000000000409e+02
5.900000000000000000e+01 2.914745762711864252e+00 1.719699999999999989e+02
5.900000000000000000e+01 3.656779661016948957e+00 2.157500000000000000e+02
5.900000000000000000e+01 3.584237288135593058e+00 2.114699999999999989e+02
5.900000000000000000e+01 6.705932203389830981e+00 3.956500000000000341e+02
5.900000000000000000e+01 5.260338983050847794e+00 3.103600000000000136e+02
5.900000000000000000e+01 1.967118644067796573e+00 1.160600000000000023e+02
5.900000000000000000e+01 5.027966101694914869e+00 2.966499999999999773e+02
5.900000000000000000e+01 2.141355932203389933e+00 1.263400000000000034e+02
5.900000000000000000e+01 1.764067796610169658e+00 1.040800000000000125e+02
5.900000000000000000e+01 4.362203389830507483e+00 2.573699999999999477e+02
5.900000000000000000e+01 2.788135593220339103e+00 1.645000000000000000e+02
5.900000000000000000e+01 3.290508474576271158e+00 1.941399999999999864e+02
5.900000000000000000e+01 2.844237288135592845e+00 1.678099999999999739e+02
5.900000000000000000e+01 3.168135593220338553e+00 1.869199999999999875e+02
5.900000000000000000e+01 3.181355932203389525e+00 1.876999999999999886e+02
5.900000000000000000e+01 8.694915254237288726e-01 5.130000000000000426e+01
5.900000000000000000e+01 2.273559322033897878e+00 1.341399999999999864e+02
5.900000000000000000e+01 3.346271186440678225e+00 1.974300000000000068e+02
5.900000000000000000e+01 2.443389830508474692e+00 1.441599999999999966e+02
5.900000000000000000e+01 2.295932203389829951e+00 1.354599999999999795e+02
5.900000000000000000e+01 2.207457627118644350e+00 1.302400000000000091e+02
5.900000000000000000e+01 1.359322033898305193e+00 8.020000000000000284e+01
5.900000000000000000e+01 1.638983050847457656e+00 9.670000000000000284e+01
5.900000000000000000e+01 3.540508474576271158e+00 2.088899999999999864e+02
5.900000000000000000e+01 3.547457627118644208e+00 2.093000000000000114e+02
5.900000000000000000e+01 2.268644067796610209e+00 1.338499999999999943e+02
5.900000000000000000e+01 3.027457627118644190e+00 1.786200000000000045e+02
5.900000000000000000e+01 1.337457627118644021e+00 7.890999999999999659e+01
5.900000000000000000e+01 1.104237288135593298e+00 6.515000000000000568e+01
5.900000000000000000e+01 2.866440677966101802e+00 1.691200000000000045e+02
5.900000000000000000e+01 3.170508474576271052e+00 1.870600000000000023e+02
5.900000000000000000e+01 3.030338983050847368e+00 1.787899999999999920e+02
5.900000000000000000e+01 1.914067796610169347e+00 1.129299999999999926e+02
5.900000000000000000e+01 2.905084745762711584e+00 1.713999999999999773e+02
5.900000000000000000e+01 1.495762711864406791e+00 8.825000000000000000e+01
5.900000000000000000e+01 9.318644067796608699e-01 5.497999999999998977e+01
5.900000000000000000e+01 3.287288135593219973e+00 1.939499999999999886e+02
5.900000000000000000e+01 2.351694915254237461e+00 1.387500000000000000e+02
5.900000000000000000e+01 1.973728813559322282e+00 1.164500000000000171e+02
5.900000000000000000e+01 1.602033898305085025e+00 9.452000000000001023e+01
5.900000000000000000e+01 1.030847457627118491e+00 6.081999999999999318e+01
5.900000000000000000e+01 1.134576271186440666e+00 6.693999999999999773e+01
5.900000000000000000e+01 1.390169491525423906e+00 8.202000000000001023e+01
5.900000000000000000e+01 3.011864406779660719e+00 1.776999999999999886e+02
5.900000000000000000e+01 2.715084745762711638e+00 1.601899999999999977e+02
5.900000000000000000e+01 4.187288135593220773e+00 2.470500000000000114e+02
5.900000000000000000e+01 4.050508474576271389e+00 2.389800000000000182e+02
5.900000000000000000e+01 2.620508474576271229e+00 1.546100000000000136e+02
5.900000000000000000e+01 1.629830508474576112e+00 9.615999999999999659e+01
5.900000000000000000e+01 3.142542372881356183e+00 1.854100000000000250e+02
5.900000000000000000e+01 1.851694915254237239e+00 1.092500000000000000e+02
5.900000000000000000e+01 3.459830508474576849e+00 2.041300000000000239e+02
5.900000000000000000e+01 2.778644067796609995e+00 1.639399999999999977e+02
5.900000000000000000e+01 1.829322033898304944e+00 1.079299999999999926e+02
5.900000000000000000e+01 8.594915254237288638e-01 5.071000000000000085e+01
5.900000000000000000e+01 1.381355932203389980e-01 8.150000000000000355e+00
5.800000000000000000e+01 4.648275862068965703e-01 2.696000000000000085e+01
5.900000000000000000e+01 1.557288135593220213e+00 9.187999999999999545e+01
5.900000000000000000e+01 2.082711864406779689e+00 1.228799999999999955e+02
5.900000000000000000e+01 8.667796610169491434e-01 5.114000000000000057e+01
5.900000000000000000e+01 1.401525423728813502e+00 8.268999999999999773e+01
5.900000000000000000e+01 6.772881355932203196e-01 3.996000000000000085e+01
5.900000000000000000e+01 6.940677966101694851e-01 4.095000000000000284e+01
5.900000000000000000e+01 2.043559322033898340e+00 1.205700000000000074e+02
5.900000000000000000e+01 1.181525423728813751e+00 6.971000000000000796e+01
5.900000000000000000e+01 5.774576271186441234e-01 3.407000000000000028e+01
5.900000000000000000e+01 2.684406779661016706e+00 1.583799999999999955e+02
5.900000000000000000e+01 1.768135593220338864e+00 1.043199999999999932e+02
5.900000000000000000e+01 8.649152542372881003e-01 5.103000000000000114e+01
5.900000000000000000e+01 2.385254237288136014e+00 1.407300000000000182e+02
5.900000000000000000e+01 2.382881355932203515e+00 1.405900000000000034e+02
5.900000000000000000e+01 1.907457627118643861e+00 1.125399999999999920e+02
5.900000000000000000e+01 3.246271186440678136e+00 1.915300000000000011e+02
5.900000000000000000e+01 2.301016949152542068e+00 1.357599999999999909e+02
5.900000000000000000e+01 1.185084745762711833e+00 6.992000000000000171e+01
5.900000000000000000e+01 1.927118644067796760e-01 1.137000000000000099e+01
5.900000000000000000e+01 1.395762711864406702e+00 8.234999999999999432e+01
5.900000000000000000e+01 1.117288135593220266e+00 6.592000000000000171e+01
5.900000000000000000e+01 7.550847457627117842e-01 4.454999999999999716e+01
5.900000000000000000e+01 1.283050847457627208e+00 7.570000000000000284e+01
5.900000000000000000e+01 1.245932203389830573e+00 7.351000000000000512e+01
5.900000000000000000e+01 1.857796610169491602e+00 1.096099999999999994e+02
5.900000000000000000e+01 7.125423728813558011e-01 4.203999999999999204e+01
5.900000000000000000e+01 1.654576271186440461e+00 9.761999999999999034e+01
5.900000000000000000e+01 2.261525423728813600e+00 1.334300000000000068e+02
5.900000000000000000e+01 1.589830508474576520e+00 9.380000000000001137e+01
5.900000000000000000e+01 1.483898305084745850e+00 8.755000000000001137e+01
5.900000000000000000e+01 1.805932203389830626e+00 1.065500000000000114e+02
5.900000000000000000e+01 3.734745762711864092e+00 2.203499999999999943e+02
5.900000000000000000e+01 4.263389830508474532e+00 2.515399999999999920e+02
5.900000000000000000e+01 3.587966101694915366e+00 2.116899999999999977e+02
5.900000000000000000e+01 3.314406779661016600e+00 1.955499999999999829e+02
5.900000000000000000e+01 1.989152542372881305e+00 1.173599999999999994e+02
5.900000000000000000e+01 2.334915254237288629e+00 1.377600000000000193e+02
5.900000000000000000e+01 1.697457627118643897e+00 1.001499999999999915e+02
