2.400000000000000000e+01 0.000000000000000000e+00 0.000000000000000000e+00
1.950000000000000000e+02 9.263692307692307892e+00 1.806420000000000073e+03
1.950000000000000000e+02 9.462000000000001521e+00 1.845090000000000146e+03
1.950000000000000000e+02 8.609076923076923293e+00 1.678769999999999982e+03
1.950000000000000000e+02 9.149179487179488035e+00 1.784090000000000146e+03
1.950000000000000000e+02 8.346615384615384770e+00 1.627589999999999918e+03
1.950000000000000000e+02 8.364923076923076906e+00 1.631159999999999854e+03
1.950000000000000000e+02 8.380307692307692236e+00 1.634159999999999854e+03
1.950000000000000000e+02 8.519435897435897687e+00 1.661289999999999964e+03
1.950000000000000000e+02 9.319230769230768985e+00 1.817250000000000000e+03
1.950000000000000000e+02 9.868358974358974578e+00 1.924329999999999927e+03
1.950000000000000000e+02 9.187025641025641676e+00 1.791470000000000255e+03
1.950000000000000000e+02 9.295179487179487055e+00 1.812559999999999945e+03
1.950000000000000000e+02 8.505384615384615543e+00 1.658549999999999955e+03
1.950000000000000000e+02 8.253538461538461490e+00 1.609440000000000055e+03
1.950000000000000000e+02 8.844871794871794535e+00 1.724750000000000000e+03
1.950000000000000000e+02 8.906769230769230106e+00 1.736819999999999709e+03
1.950000000000000000e+02 9.426820512820512477e+00 1.838230000000000018e+03
1.950000000000000000e+02 8.865025641025640724e+00 1.728680000000000064e+03
1.950000000000000000e+02 9.001025641025641733e+00 1.755200000000000045e+03
1.950000000000000000e+02 9.501487179487179802e+00 1.852789999999999964e+03
1.950000000000000000e+02 9.543435897435896820e+00 1.860970000000000027e+03
1.950000000000000000e+02 8.796666666666666856e+00 1.715349999999999909e+03
1.950000000000000000e+02 9.244769230769231072e+00 1.802730000000000018e+03
1.950000000000000000e+02 9.236256410256411087e+00 1.801070000000000164e+03
1.950000000000000000e+02 8.846923076923078000e+00 1.725150000000000091e+03
1.950000000000000000e+02 9.271025641025641306e+00 1.807850000000000136e+03
1.950000000000000000e+02 9.095128205128206744e+00 1.773550000000000182e+03
1.950000000000000000e+02 9.312102564102564983e+00 1.815860000000000127e+03
1.950000000000000000e+02 8.637076923076923762e+00 1.684230000000000018e+03
1.950000000000000000e+02 8.766717948717946740e+00 1.709509999999999764e+03
1.950000000000000000e+02 9.481692307692306088e+00 1.848929999999999836e+03
1.950000000000000000e+02 9.497538461538461263e+00 1.852019999999999982e+03
1.950000000000000000e+02 8.983589743589742938e+00 1.751799999999999955e+03
1.950000000000000000e+02 9.553384615384613809e+00 1.862909999999999854e+03
1.950000000000000000e+02 9.519333333333333869e+00 1.856269999999999982e+03
1.950000000000000000e+02 8.558461538461539675e+00 1.668900000000000091e+03
1.950000000000000000e+02 9.610051282051282229e+00 1.873960000000000036e+03
1.950000000000000000e+02 8.205128205128204399e+00 1.600000000000000000e+03
1.950000000000000000e+02 8.850102564102563463e+00 1.725769999999999982e+03
1.950000000000000000e+02 9.208307692307693415e+00 1.795620000000000118e+03
1.950000000000000000e+02 9.469384615384615955e+00 1.846530000000000200e+03
1.950000000000000000e+02 8.647333333333333982e+00 1.686230000000000018e+03
1.950000000000000000e+02 9.791743589743589382e+00 1.909389999999999873e+03
1.950000000000000000e+02 9.721179487179487211e+00 1.895630000000000109e+03
1.950000000000000000e+02 8.994769230769231072e+00 1.753980000000000018e+03
1.950000000000000000e+02 8.927333333333333343e+00 1.740829999999999927e+03
1.950000000000000000e+02 8.186102564102563761e+00 1.596289999999999964e+03
1.950000000000000000e+02 8.943743589743590405e+00 1.744030000000000200e+03
1.950000000000000000e+02 8.093692307692307963e+00 1.578269999999999982e+03
1.950000000000000000e+02 8.906512820512821449e+00 1.736770000000000209e+03
1.950000000000000000e+02 9.341128205128205408e+00 1.821519999999999982e+03
1.950000000000000000e+02 9.193743589743588629e+00 1.792779999999999745e+03
1.950000000000000000e+02 9.812051282051282186e+00 1.913349999999999909e+03
1.950000000000000000e+02 8.240769230769231513e+00 1.606950000000000045e+03
1.950000000000000000e+02 9.448051282051281419e+00 1.842369999999999891e+03
1.950000000000000000e+02 9.799384615384616026e+00 1.910880000000000109e+03
1.950000000000000000e+02 9.048205128205129455e+00 1.764400000000000091e+03
1.950000000000000000e+02 9.206461538461537586e+00 1.795259999999999764e+03
1.950000000000000000e+02 7.673282051282050986e+00 1.496289999999999964e+03
1.950000000000000000e+02 8.579230769230768772e+00 1.672949999999999818e+03
1.950000000000000000e+02 8.912717948717949312e+00 1.737980000000000018e+03
1.950000000000000000e+02 8.457230769230768885e+00 1.649159999999999854e+03
1.950000000000000000e+02 9.607641025641026289e+00 1.873490000000000009e+03
1.950000000000000000e+02 8.743128205128206432e+00 1.704910000000000082e+03
1.950000000000000000e+02 8.776410256410256849e+00 1.711400000000000091e+03
1.950000000000000000e+02 8.700051282051283863e+00 1.696510000000000218e+03
1.950000000000000000e+02 8.743282051282051270e+00 1.704939999999999827e+03
1.950000000000000000e+02 1.004825641025640870e+01 1.959409999999999854e+03
1.950000000000000000e+02 9.548000000000000043e+00 1.861860000000000127e+03
1.950000000000000000e+02 9.753999999999999559e+00 1.902029999999999745e+03
1.950000000000000000e+02 8.487846153846154706e+00 1.655130000000000109e+03
1.950000000000000000e+02 1.046794871794871717e+01 2.041250000000000000e+03
1.950000000000000000e+02 8.816615384615383633e+00 1.719239999999999782e+03
1.950000000000000000e+02 8.403641025641025664e+00 1.638710000000000036e+03
1.950000000000000000e+02 8.527128205128205352e+00 1.662789999999999964e+03
1.950000000000000000e+02 9.009282051282051285e+00 1.756809999999999945e+03
1.950000000000000000e+02 9.201179487179485861e+00 1.794229999999999791e+03
1.950000000000000000e+02 9.739948717948717416e+00 1.899289999999999964e+03
1.950000000000000000e+02 8.439641025641025252e+00 1.645730000000000018e+03
1.950000000000000000e+02 9.152461538461539092e+00 1.784730000000000018e+03
1.950000000000000000e+02 8.162512820512821676e+00 1.591690000000000055e+03
1.950000000000000000e+02 8.720410256410255911e+00 1.700480000000000018e+03
1.950000000000000000e+02 8.637333333333332419e+00 1.684279999999999973e+03
1.950000000000000000e+02 8.416717948717950648e+00 1.641260000000000218e+03
1.950000000000000000e+02 7.597487179487178999e+00 1.481509999999999991e+03
1.950000000000000000e+02 8.206564102564101404e+00 1.600279999999999745e+03
1.950000000000000000e+02 8.921230769230769297e+00 1.739639999999999873e+03
1.950000000000000000e+02 9.446717948717950009e+00 1.842110000000000127e+03
1.950000000000000000e+02 9.507538461538461050e+00 1.853969999999999800e+03
1.950000000000000000e+02 9.636512820512820099e+00 1.879119999999999891e+03
1.950000000000000000e+02 9.489743589743589780e+00 1.850500000000000000e+03
1.950000000000000000e+02 9.732358974358973569e+00 1.897809999999999945e+03
1.950000000000000000e+02 8.905641025641026332e+00 1.736600000000000136e+03
1.950000000000000000e+02 9.049333333333333229e+00 1.764620000000000118e+03
1.950000000000000000e+02 9.051025641025640667e+00 1.764950000000000045e+03
1.950000000000000000e+02 9.312769230769228912e+00 1.815989999999999782e+03
1.950000000000000000e+02 8.987230769230770022e+00 1.752510000000000218e+03
1.950000000000000000e+02 8.885999999999999233e+00 1.732769999999999982e+03
1.950000000000000000e+02 9.425435897435898269e+00 1.837960000000000264e+03
