2.400000000000000000e+01 0.000000000000000000e+00 0.000000000000000000e+00
2.400000000000000000e+01 2.000833333333333464e+00 4.802000000000000313e+01
2.500000000000000000e+01 3.828400000000000247e+00 9.571000000000000796e+01
4.800000000000000000e+01 3.068333333333332913e+00 1.472799999999999727e+02
4.800000000000000000e+01 4.965625000000000178e+00 2.383499999999999943e+02
4.800000000000000000e+01 6.876875000000000959e+00 3.300900000000000318e+02
7.200000000000000000e+01 5.842083333333333073e+00 4.206299999999999955e+02
7.200000000000000000e+01 7.486805555555554825e+00 5.390499999999999545e+02
7.200000000000000000e+01 8.836388888888889070e+00 6.362200000000000273e+02
9.600000000000000000e+01 7.577500000000000568e+00 7.274400000000000546e+02
9.600000000000000000e+01 8.902812499999999574e+00 8.546699999999999591e+02
9.600000000000000000e+01 1.002947916666666650e+01 9.628299999999999272e+02
1.190000000000000000e+02 8.828907563025209626e+00 1.050639999999999873e+03
1.200000000000000000e+02 9.826666666666666217e+00 1.179200000000000045e+03
1.200000000000000000e+02 1.064541666666666941e+01 1.277450000000000273e+03
1.430000000000000000e+02 9.579090909090908212e+00 1.369809999999999945e+03
1.440000000000000000e+02 1.036326388888888772e+01 1.492309999999999945e+03
1.440000000000000000e+02 1.108333333333333393e+01 1.596000000000000000e+03
1.670000000000000000e+02 1.011508982035928028e+01 1.689219999999999800e+03
1.680000000000000000e+02 1.077410714285714377e+01 1.810050000000000182e+03
1.680000000000000000e+02 1.135916666666666686e+01 1.908340000000000146e+03
1.910000000000000000e+02 1.044612565445025965e+01 1.995209999999999582e+03
1.920000000000000000e+02 1.103296875000000021e+01 2.118329999999999927e+03
1.920000000000000000e+02 1.160401041666666622e+01 2.227969999999999800e+03
2.150000000000000000e+02 1.074716279069767388e+01 2.310639999999999873e+03
2.160000000000000000e+02 1.125018518518518462e+01 2.430039999999999964e+03
2.160000000000000000e+02 1.175550925925925938e+01 2.539190000000000055e+03
2.370000000000000000e+02 1.105620253164556921e+01 2.620319999999999709e+03
2.400000000000000000e+02 1.132104166666666778e+01 2.717050000000000182e+03
2.400000000000000000e+02 1.178333333333333321e+01 2.828000000000000000e+03
2.540000000000000000e+02 1.138027559055118232e+01 2.890590000000000146e+03
2.580000000000000000e+02 1.144224806201550315e+01 2.952099999999999909e+03
2.580000000000000000e+02 1.169325581395348657e+01 3.016859999999999673e+03
2.670000000000000000e+02 1.147917602996254693e+01 3.064940000000000055e+03
2.740000000000000000e+02 1.134131386861313828e+01 3.107519999999999982e+03
2.760000000000000000e+02 1.134804347826087145e+01 3.132060000000000400e+03
2.810000000000000000e+02 1.131323843416370067e+01 3.179019999999999982e+03
2.880000000000000000e+02 1.104854166666666693e+01 3.181980000000000018e+03
2.920000000000000000e+02 1.088102739726027401e+01 3.177259999999999764e+03
2.970000000000000000e+02 1.081552188552188554e+01 3.212210000000000036e+03
3.020000000000000000e+02 1.075264900662251755e+01 3.247300000000000182e+03
3.060000000000000000e+02 1.074049019607843114e+01 3.286590000000000146e+03
3.130000000000000000e+02 1.066421725239616514e+01 3.337899999999999636e+03
3.190000000000000000e+02 1.065611285266457742e+01 3.399300000000000182e+03
3.260000000000000000e+02 1.050607361963190023e+01 3.424979999999999563e+03
3.330000000000000000e+02 1.029291291291291266e+01 3.427539999999999964e+03
3.350000000000000000e+02 1.036558208955223748e+01 3.472469999999999800e+03
3.400000000000000000e+02 1.029897058823529221e+01 3.501649999999999636e+03
3.450000000000000000e+02 1.022950724637681219e+01 3.529180000000000291e+03
3.480000000000000000e+02 1.031143678160919563e+01 3.588380000000000109e+03
3.550000000000000000e+02 1.024039436619718302e+01 3.635340000000000146e+03
3.610000000000000000e+02 1.017462603878116312e+01 3.673039999999999964e+03
3.630000000000000000e+02 1.024435261707988865e+01 3.718699999999999818e+03
3.690000000000000000e+02 1.019271002710027041e+01 3.761109999999999673e+03
3.750000000000000000e+02 1.007789333333333204e+01 3.779209999999999582e+03
3.770000000000000000e+02 1.013053050397878074e+01 3.819210000000000036e+03
3.830000000000000000e+02 1.000120104438642343e+01 3.830460000000000036e+03
3.890000000000000000e+02 9.796066838046272096e+00 3.810670000000000073e+03
3.900000000000000000e+02 9.907487179487180384e+00 3.863920000000000073e+03
3.950000000000000000e+02 9.876632911392404068e+00 3.901269999999999527e+03
4.020000000000000000e+02 9.705597014925373855e+00 3.901650000000000091e+03
4.070000000000000000e+02 9.575921375921376821e+00 3.897400000000000091e+03
4.130000000000000000e+02 9.442276029055689079e+00 3.899659999999999854e+03
4.210000000000000000e+02 9.243919239904988316e+00 3.891690000000000055e+03
4.240000000000000000e+02 9.207735849056604138e+00 3.904079999999999927e+03
4.290000000000000000e+02 9.061212121212122383e+00 3.887260000000000218e+03
4.350000000000000000e+02 8.982459770114942899e+00 3.907369999999999891e+03
4.380000000000000000e+02 8.938949771689497226e+00 3.915259999999999764e+03
4.420000000000000000e+02 8.893325791855202667e+00 3.930849999999999909e+03
4.480000000000000000e+02 8.809375000000001066e+00 3.946600000000000364e+03
4.520000000000000000e+02 8.789336283185841481e+00 3.972780000000000655e+03
4.590000000000000000e+02 8.563594771241829662e+00 3.930689999999999600e+03
4.640000000000000000e+02 8.442004310344826123e+00 3.917089999999999691e+03
4.680000000000000000e+02 8.297905982905982469e+00 3.883420000000000073e+03
4.760000000000000000e+02 8.146176470588235574e+00 3.877579999999999927e+03
4.830000000000000000e+02 8.073064182194617189e+00 3.899289999999999964e+03
4.860000000000000000e+02 8.074506172839505780e+00 3.924210000000000036e+03
4.930000000000000000e+02 8.011663286004056417e+00 3.949750000000000000e+03
4.990000000000000000e+02 7.941322645290579629e+00 3.962719999999999345e+03
5.030000000000000000e+02 7.876481113320079608e+00 3.961869999999999891e+03
5.080000000000000000e+02 7.827047244094488931e+00 3.976140000000000327e+03
5.150000000000000000e+02 7.713398058252427525e+00 3.972400000000000091e+03
5.170000000000000000e+02 7.645183752417795908e+00 3.952560000000000400e+03
5.230000000000000000e+02 7.514684512428298824e+00 3.930180000000000291e+03
5.290000000000000000e+02 7.409281663516068761e+00 3.919510000000000218e+03
5.320000000000000000e+02 7.323082706766917305e+00 3.895880000000000109e+03
5.380000000000000000e+02 7.209442379182156913e+00 3.878680000000000291e+03
5.430000000000000000e+02 7.086740331491713007e+00 3.848100000000000364e+03
5.490000000000000000e+02 6.930054644808743447e+00 3.804600000000000364e+03
5.550000000000000000e+02 6.782108108108107380e+00 3.764069999999999709e+03
5.600000000000000000e+02 6.699803571428572191e+00 3.751890000000000327e+03
5.690000000000000000e+02 6.643057996485061345e+00 3.779900000000000091e+03
5.740000000000000000e+02 6.604024390243902864e+00 3.790710000000000036e+03
5.770000000000000000e+02 6.656811091854419438e+00 3.840980000000000018e+03
5.790000000000000000e+02 6.717029360967185170e+00 3.889160000000000309e+03
5.820000000000000000e+02 6.840137457044673575e+00 3.980960000000000036e+03
