2.400000000000000000e+01 0.000000000000000000e+00 0.000000000000000000e+00
3.790000000000000000e+02 7.184591029023747133e+00 2.722960000000000036e+03
3.930000000000000000e+02 6.443689567430024745e+00 2.532369999999999891e+03
3.930000000000000000e+02 5.835877862595419963e+00 2.293500000000000000e+03
3.930000000000000000e+02 5.302010178117048333e+00 2.083690000000000055e+03
3.930000000000000000e+02 5.043765903307887655e+00 1.982199999999999818e+03
3.930000000000000000e+02 5.559083969465649311e+00 2.184720000000000255e+03
3.930000000000000000e+02 5.380737913486004942e+00 2.114630000000000109e+03
3.930000000000000000e+02 4.647302798982188676e+00 1.826390000000000100e+03
3.930000000000000000e+02 4.241043256997455657e+00 1.666730000000000018e+03
3.930000000000000000e+02 4.363129770992366652e+00 1.714710000000000036e+03
3.930000000000000000e+02 4.006386768447836921e+00 1.574509999999999991e+03
3.930000000000000000e+02 3.757480916030534690e+00 1.476690000000000055e+03
3.930000000000000000e+02 2.532569974554707226e+00 9.952999999999999545e+02
3.930000000000000000e+02 3.558066157760814807e+00 1.398320000000000164e+03
3.930000000000000000e+02 4.548931297709923882e+00 1.787730000000000018e+03
3.930000000000000000e+02 3.745979643765903422e+00 1.472170000000000073e+03
3.930000000000000000e+02 4.181374045801526940e+00 1.643279999999999973e+03
3.930000000000000000e+02 3.022544529262086943e+00 1.187860000000000127e+03
3.930000000000000000e+02 3.734910941475826807e+00 1.467819999999999936e+03
3.930000000000000000e+02 3.809211195928753124e+00 1.497019999999999982e+03
3.930000000000000000e+02 3.854325699745547062e+00 1.514750000000000000e+03
3.930000000000000000e+02 3.019796437659032939e+00 1.186779999999999973e+03
3.930000000000000000e+02 3.599847328244274447e+00 1.414739999999999782e+03
3.930000000000000000e+02 4.553409669211196054e+00 1.789490000000000009e+03
3.930000000000000000e+02 3.350941475826972216e+00 1.316920000000000073e+03
3.930000000000000000e+02 3.140992366412214132e+00 1.234410000000000082e+03
3.930000000000000000e+02 3.267786259541984872e+00 1.284240000000000009e+03
3.930000000000000000e+02 4.236463104325699724e+00 1.664929999999999836e+03
3.930000000000000000e+02 4.016412213740458093e+00 1.578450000000000045e+03
3.930000000000000000e+02 4.050737913486004871e+00 1.591940000000000055e+03
3.930000000000000000e+02 3.795445292620864830e+00 1.491609999999999900e+03
3.930000000000000000e+02 3.953358778625954528e+00 1.553670000000000073e+03
3.930000000000000000e+02 3.719949109414758315e+00 1.461940000000000055e+03
3.930000000000000000e+02 4.283307888040712719e+00 1.683340000000000146e+03
3.930000000000000000e+02 3.905521628498727971e+00 1.534870000000000118e+03
3.930000000000000000e+02 2.904198473282442627e+00 1.141349999999999909e+03
3.930000000000000000e+02 3.142340966921119527e+00 1.234940000000000055e+03
3.930000000000000000e+02 4.044910941475826860e+00 1.589649999999999864e+03
3.930000000000000000e+02 4.271628498727735312e+00 1.678750000000000000e+03
3.930000000000000000e+02 3.818753180661577762e+00 1.500769999999999982e+03
3.930000000000000000e+02 3.672875318066157746e+00 1.443440000000000055e+03
3.930000000000000000e+02 4.536055979643766278e+00 1.782670000000000073e+03
3.930000000000000000e+02 4.529160305343511439e+00 1.779960000000000036e+03
3.930000000000000000e+02 3.889109414758269878e+00 1.528420000000000073e+03
3.930000000000000000e+02 3.072137404580152609e+00 1.207349999999999909e+03
3.930000000000000000e+02 3.727964376590330531e+00 1.465089999999999918e+03
3.930000000000000000e+02 4.473053435114503706e+00 1.757910000000000082e+03
3.930000000000000000e+02 4.340814249363868171e+00 1.705940000000000055e+03
3.930000000000000000e+02 3.888142493638676811e+00 1.528039999999999964e+03
3.930000000000000000e+02 3.763027989821882802e+00 1.478869999999999891e+03
3.930000000000000000e+02 3.588447837150127828e+00 1.410260000000000218e+03
3.930000000000000000e+02 4.218473282442747774e+00 1.657859999999999900e+03
3.930000000000000000e+02 3.883918575063613599e+00 1.526380000000000109e+03
3.930000000000000000e+02 3.307302798982188374e+00 1.299769999999999982e+03
3.930000000000000000e+02 4.512468193384224335e+00 1.773400000000000091e+03
3.930000000000000000e+02 4.171984732824427056e+00 1.639589999999999918e+03
3.930000000000000000e+02 3.082646310432569869e+00 1.211480000000000018e+03
3.930000000000000000e+02 3.492798982188295209e+00 1.372670000000000073e+03
3.930000000000000000e+02 4.181832061068702089e+00 1.643460000000000036e+03
3.930000000000000000e+02 4.460483460559796498e+00 1.752970000000000027e+03
3.930000000000000000e+02 4.629745547073791379e+00 1.819490000000000009e+03
3.930000000000000000e+02 4.149338422391857684e+00 1.630690000000000055e+03
3.930000000000000000e+02 3.356692111959286962e+00 1.319179999999999836e+03
3.930000000000000000e+02 4.264427480916030966e+00 1.675920000000000073e+03
3.930000000000000000e+02 4.595928753180662518e+00 1.806200000000000273e+03
3.930000000000000000e+02 3.947455470737913252e+00 1.551349999999999909e+03
3.930000000000000000e+02 3.866717557251908577e+00 1.519620000000000118e+03
3.930000000000000000e+02 4.353562340966920630e+00 1.710949999999999818e+03
3.930000000000000000e+02 4.754503816793892668e+00 1.868519999999999982e+03
3.930000000000000000e+02 4.603206106870229242e+00 1.809059999999999945e+03
3.930000000000000000e+02 3.723129770992366527e+00 1.463190000000000055e+03
3.930000000000000000e+02 4.117150127226462786e+00 1.618039999999999964e+03
3.930000000000000000e+02 3.966513994910941143e+00 1.558839999999999918e+03
3.930000000000000000e+02 3.987277353689567594e+00 1.567000000000000000e+03
3.930000000000000000e+02 3.815318066157761034e+00 1.499420000000000073e+03
3.930000000000000000e+02 3.439949109414758066e+00 1.351899999999999864e+03
3.930000000000000000e+02 3.685445292620865398e+00 1.448380000000000109e+03
3.930000000000000000e+02 5.194783715012722958e+00 2.041549999999999955e+03
3.930000000000000000e+02 4.523486005089058182e+00 1.777730000000000018e+03
3.930000000000000000e+02 3.953002544529261808e+00 1.553529999999999973e+03
3.930000000000000000e+02 3.821603053435114195e+00 1.501889999999999873e+03
3.930000000000000000e+02 4.550356234096692098e+00 1.788289999999999964e+03
3.930000000000000000e+02 4.315394402035622967e+00 1.695949999999999818e+03
3.930000000000000000e+02 4.115547073791348431e+00 1.617409999999999854e+03
3.930000000000000000e+02 3.533944020356234450e+00 1.388840000000000146e+03
3.930000000000000000e+02 4.105954198473281913e+00 1.613639999999999873e+03
3.930000000000000000e+02 4.882239185750636423e+00 1.918720000000000027e+03
3.930000000000000000e+02 4.738600508905852493e+00 1.862269999999999982e+03
3.930000000000000000e+02 3.931272264631043178e+00 1.544990000000000009e+03
3.930000000000000000e+02 2.919338422391857257e+00 1.147299999999999955e+03
3.930000000000000000e+02 4.175012722646310515e+00 1.640779999999999973e+03
3.930000000000000000e+02 4.779491094147582331e+00 1.878339999999999918e+03
3.930000000000000000e+02 4.136870229007633348e+00 1.625789999999999964e+03
3.930000000000000000e+02 3.228091603053435232e+00 1.268640000000000100e+03
3.930000000000000000e+02 3.607328244274809137e+00 1.417680000000000064e+03
3.930000000000000000e+02 4.408778625954198560e+00 1.732650000000000091e+03
3.930000000000000000e+02 4.314147582697200889e+00 1.695460000000000036e+03
3.930000000000000000e+02 3.480254452926208497e+00 1.367740000000000009e+03
3.930000000000000000e+02 3.347404580152671727e+00 1.315529999999999973e+03
