2.400000000000000000e+01 0.000000000000000000e+00 0.000000000000000000e+00
5.260000000000000000e+02 7.436007604562737683e+00 3.911340000000000146e+03
5.700000000000000000e+02 4.674350877192982701e+00 2.664380000000000109e+03
5.890000000000000000e+02 3.818998302207131434e+00 2.249390000000000327e+03
5.910000000000000000e+02 3.599137055837563715e+00 2.127090000000000146e+03
5.910000000000000000e+02 3.699509306260575059e+00 2.186409999999999854e+03
5.910000000000000000e+02 3.641573604060913905e+00 2.152170000000000073e+03
5.910000000000000000e+02 3.617360406091370884e+00 2.137860000000000127e+03
5.910000000000000000e+02 3.805939086294416018e+00 2.249309999999999945e+03
5.910000000000000000e+02 3.392521150592216816e+00 2.004980000000000018e+03
5.910000000000000000e+02 3.402791878172588547e+00 2.011049999999999727e+03
5.910000000000000000e+02 3.278646362098138756e+00 1.937680000000000064e+03
5.910000000000000000e+02 3.168274111675126736e+00 1.872449999999999818e+03
5.910000000000000000e+02 2.743620981387478786e+00 1.621480000000000018e+03
5.910000000000000000e+02 2.784534686971235296e+00 1.645660000000000082e+03
5.910000000000000000e+02 3.043790186125211239e+00 1.798879999999999882e+03
5.910000000000000000e+02 2.844331641285955836e+00 1.681000000000000000e+03
5.910000000000000000e+02 2.461928934010152226e+00 1.455000000000000000e+03
5.910000000000000000e+02 2.652605752961083141e+00 1.567690000000000055e+03
5.910000000000000000e+02 2.685076142131979982e+00 1.586880000000000109e+03
5.910000000000000000e+02 2.555093062605752863e+00 1.510059999999999945e+03
5.910000000000000000e+02 2.699610829103214815e+00 1.595470000000000027e+03
5.910000000000000000e+02 2.143130287648054466e+00 1.266590000000000146e+03
5.910000000000000000e+02 2.759407783417935800e+00 1.630809999999999945e+03
5.910000000000000000e+02 2.199966159052453740e+00 1.300180000000000064e+03
5.910000000000000000e+02 2.871133671742808868e+00 1.696840000000000146e+03
5.910000000000000000e+02 2.720033840947546633e+00 1.607539999999999964e+03
5.910000000000000000e+02 3.212267343485617488e+00 1.898450000000000045e+03
5.910000000000000000e+02 2.926362098138747925e+00 1.729480000000000018e+03
5.910000000000000000e+02 2.967935702199661296e+00 1.754049999999999955e+03
5.910000000000000000e+02 2.962521150592216213e+00 1.750849999999999909e+03
5.910000000000000000e+02 2.319120135363790247e+00 1.370600000000000136e+03
5.910000000000000000e+02 2.890778341793570405e+00 1.708450000000000045e+03
5.910000000000000000e+02 3.431912013536379202e+00 2.028259999999999991e+03
5.910000000000000000e+02 2.493045685279187573e+00 1.473389999999999873e+03
5.910000000000000000e+02 2.643807106598984547e+00 1.562489999999999782e+03
5.910000000000000000e+02 2.381065989847715780e+00 1.407210000000000036e+03
5.910000000000000000e+02 2.556920473773265368e+00 1.511139999999999873e+03
5.910000000000000000e+02 2.677089678510998105e+00 1.582159999999999854e+03
5.910000000000000000e+02 2.483282571912013292e+00 1.467619999999999891e+03
5.910000000000000000e+02 2.798714043993231648e+00 1.654039999999999964e+03
5.910000000000000000e+02 2.598240270727580459e+00 1.535559999999999945e+03
5.910000000000000000e+02 2.438274111675126754e+00 1.441019999999999982e+03
5.910000000000000000e+02 2.331218274111674926e+00 1.377750000000000000e+03
5.910000000000000000e+02 2.383874788494078079e+00 1.408870000000000118e+03
5.910000000000000000e+02 2.745211505922165784e+00 1.622420000000000073e+03
5.910000000000000000e+02 2.756869712351945889e+00 1.629309999999999945e+03
5.910000000000000000e+02 2.829983079526226852e+00 1.672519999999999982e+03
5.910000000000000000e+02 2.781641285956006460e+00 1.643949999999999818e+03
5.910000000000000000e+02 3.034551607445008514e+00 1.793420000000000073e+03
5.910000000000000000e+02 2.991370558375634481e+00 1.767900000000000091e+03
5.910000000000000000e+02 3.018917089678510912e+00 1.784180000000000064e+03
5.910000000000000000e+02 2.680592216582064147e+00 1.584230000000000018e+03
5.910000000000000000e+02 3.017411167512690895e+00 1.783290000000000191e+03
5.910000000000000000e+02 3.073807106598984706e+00 1.816619999999999891e+03
5.910000000000000000e+02 3.274280879864636340e+00 1.935100000000000136e+03
5.910000000000000000e+02 3.321438240270727871e+00 1.962970000000000255e+03
5.910000000000000000e+02 2.925989847715736225e+00 1.729260000000000218e+03
5.910000000000000000e+02 3.109492385786801982e+00 1.837710000000000036e+03
5.910000000000000000e+02 2.707326565143823860e+00 1.600029999999999973e+03
5.910000000000000000e+02 2.993451776649746154e+00 1.769129999999999882e+03
5.910000000000000000e+02 2.933688663282571607e+00 1.733809999999999945e+03
5.910000000000000000e+02 3.027461928934010338e+00 1.789230000000000018e+03
5.910000000000000000e+02 2.957952622673435172e+00 1.748150000000000091e+03
5.910000000000000000e+02 2.914365482233502114e+00 1.722389999999999873e+03
5.910000000000000000e+02 2.650050761421319567e+00 1.566179999999999836e+03
5.910000000000000000e+02 2.436226734348561518e+00 1.439809999999999945e+03
5.910000000000000000e+02 3.056751269035532736e+00 1.806539999999999964e+03
5.910000000000000000e+02 2.779272419627750068e+00 1.642550000000000182e+03
5.910000000000000000e+02 2.973282571912013506e+00 1.757210000000000036e+03
5.910000000000000000e+02 2.743468697123519373e+00 1.621389999999999873e+03
5.910000000000000000e+02 2.547715736040609524e+00 1.505700000000000273e+03
5.910000000000000000e+02 2.709323181049069440e+00 1.601210000000000036e+03
5.910000000000000000e+02 2.712267343485617488e+00 1.602949999999999818e+03
5.910000000000000000e+02 2.854653130287648111e+00 1.687099999999999909e+03
5.910000000000000000e+02 2.822978003384094770e+00 1.668380000000000109e+03
5.910000000000000000e+02 3.222436548223350350e+00 1.904460000000000036e+03
5.910000000000000000e+02 2.807360406091370830e+00 1.659150000000000091e+03
5.910000000000000000e+02 2.779458544839255474e+00 1.642660000000000082e+03
5.910000000000000000e+02 2.715431472081218267e+00 1.604819999999999936e+03
5.910000000000000000e+02 3.043164128595600371e+00 1.798509999999999764e+03
5.910000000000000000e+02 2.744483925549915604e+00 1.621990000000000236e+03
5.910000000000000000e+02 3.377664974619289051e+00 1.996199999999999818e+03
5.910000000000000000e+02 2.545126903553299513e+00 1.504170000000000073e+03
5.910000000000000000e+02 3.025651438240270608e+00 1.788159999999999854e+03
5.910000000000000000e+02 3.424940778341793557e+00 2.024140000000000100e+03
5.910000000000000000e+02 2.790710659898476997e+00 1.649309999999999945e+03
5.910000000000000000e+02 2.873688663282571554e+00 1.698349999999999909e+03
5.910000000000000000e+02 3.206666666666666998e+00 1.895140000000000100e+03
5.910000000000000000e+02 2.686175972927241862e+00 1.587529999999999973e+03
5.910000000000000000e+02 2.763181049069373785e+00 1.633039999999999964e+03
5.910000000000000000e+02 3.075803722504230286e+00 1.817800000000000182e+03
5.910000000000000000e+02 2.901692047377326666e+00 1.714900000000000091e+03
5.910000000000000000e+02 2.828832487309644872e+00 1.671840000000000146e+03
5.910000000000000000e+02 2.696480541455160473e+00 1.593619999999999891e+03
5.910000000000000000e+02 2.573620981387479301e+00 1.521010000000000218e+03
5.910000000000000000e+02 2.818883248730964741e+00 1.665960000000000036e+03
5.910000000000000000e+02 3.332368866328256907e+00 1.969429999999999836e+03
5.910000000000000000e+02 2.494027072758037367e+00 1.473970000000000027e+03
5.910000000000000000e+02 2.704771573604060730e+00 1.598519999999999982e+03
