2.400000000000000000e+01 0.000000000000000000e+00 0.000000000000000000e+00
8.900000000000000000e+01 1.634382022471910112e+00 1.454600000000000080e+02
8.900000000000000000e+01 6.057752808988765558e+00 5.391400000000001000e+02
8.900000000000000000e+01 7.917752808988764990e+00 7.046800000000000637e+02
8.900000000000000000e+01 5.424382022471910147e+00 4.827699999999999818e+02
8.900000000000000000e+01 7.587415730337077946e+00 6.752799999999999727e+02
8.900000000000000000e+01 3.313707865168539435e+00 2.949200000000000159e+02
8.900000000000000000e+01 2.921910112359550116e+00 2.600499999999999545e+02
8.900000000000000000e+01 4.859550561797752799e+00 4.325000000000000000e+02
8.900000000000000000e+01 3.643370786516853865e+00 3.242599999999999909e+02
8.900000000000000000e+01 6.383370786516852746e+00 5.681199999999998909e+02
8.900000000000000000e+01 6.013146067415729767e+00 5.351699999999999591e+02
8.900000000000000000e+01 2.265056179775280842e+00 2.015900000000000034e+02
8.900000000000000000e+01 3.478764044943820188e+00 3.096100000000000136e+02
8.900000000000000000e+01 3.557977528089887986e+00 3.166600000000000250e+02
8.900000000000000000e+01 4.400898876404494509e+00 3.916800000000000068e+02
8.900000000000000000e+01 5.116067415730336521e+00 4.553299999999999841e+02
8.900000000000000000e+01 1.690674157303370784e+00 1.504699999999999989e+02
8.900000000000000000e+01 3.148539325842696801e+00 2.802200000000000273e+02
8.900000000000000000e+01 3.999325842696629163e+00 3.559399999999999977e+02
8.900000000000000000e+01 1.982808988764044988e+00 1.764699999999999989e+02
8.900000000000000000e+01 2.840449438202246935e+00 2.527999999999999829e+02
8.900000000000000000e+01 2.382359550561797601e+00 2.120299999999999727e+02
8.900000000000000000e+01 9.355056179775281811e-01 8.326000000000000512e+01
8.900000000000000000e+01 1.426292134831460556e+00 1.269399999999999977e+02
8.900000000000000000e+01 1.159325842696629305e+00 1.031800000000000068e+02
8.900000000000000000e+01 2.066404494382022783e+00 1.839100000000000250e+02
8.900000000000000000e+01 1.666179775280899111e+00 1.482900000000000205e+02
8.900000000000000000e+01 6.042696629213483162e-01 5.378000000000000114e+01
8.900000000000000000e+01 1.602696629213482993e+00 1.426399999999999864e+02
8.900000000000000000e+01 1.262359550561797716e+00 1.123499999999999943e+02
8.900000000000000000e+01 3.462921348314606518e-01 3.082000000000000028e+01
8.900000000000000000e+01 6.507865168539325174e-01 5.791999999999999460e+01
8.900000000000000000e+01 9.505617977528088569e-02 8.459999999999999076e+00
8.900000000000000000e+01 8.974157303370786654e-01 7.987000000000000455e+01
8.900000000000000000e+01 1.753932584269663142e+00 1.561000000000000227e+02
8.900000000000000000e+01 5.823595505617977786e-01 5.182999999999999829e+01
8.900000000000000000e+01 1.271910112359550649e+00 1.132000000000000028e+02
8.900000000000000000e+01 1.082471910112359659e+00 9.634000000000000341e+01
8.900000000000000000e+01 4.377528089887640639e-01 3.896000000000000085e+01
8.900000000000000000e+01 6.421348314606741825e-01 5.714999999999999858e+01
8.800000000000000000e+01 1.552272727272727415e-01 1.366000000000000014e+01
8.900000000000000000e+01 6.357303370786516750e-01 5.657999999999999829e+01
8.900000000000000000e+01 1.444269662921348285e+00 1.285399999999999920e+02
8.900000000000000000e+01 1.235955056179775195e-03 1.100000000000000006e-01
8.900000000000000000e+01 1.505280898876404372e+00 1.339699999999999989e+02
8.900000000000000000e+01 1.232696629213483330e+00 1.097100000000000080e+02
8.900000000000000000e+01 1.046067415730337125e+00 9.309999999999999432e+01
8.900000000000000000e+01 4.323595505617977008e-01 3.847999999999999687e+01
8.900000000000000000e+01 4.508988764044943309e-01 4.012999999999999545e+01
8.900000000000000000e+01 7.573033707865168829e-01 6.740000000000000568e+01
8.900000000000000000e+01 2.283932584269662946e+00 2.032700000000000102e+02
8.900000000000000000e+01 1.313370786516853794e+00 1.168899999999999864e+02
8.900000000000000000e+01 1.888314606741573032e+00 1.680600000000000023e+02
8.900000000000000000e+01 1.055617977528089835e+00 9.394999999999998863e+01
8.900000000000000000e+01 3.131460674157303115e-01 2.786999999999999744e+01
8.900000000000000000e+01 6.660674157303371201e-01 5.928000000000000114e+01
8.900000000000000000e+01 5.665168539325843300e-01 5.042000000000000171e+01
8.900000000000000000e+01 5.111235955056180336e-01 4.549000000000000199e+01
8.900000000000000000e+01 1.472921348314606860e+00 1.310900000000000034e+02
8.900000000000000000e+01 1.831460674157303348e-01 1.630000000000000071e+01
8.900000000000000000e+01 1.115280898876404470e+00 9.925999999999999091e+01
8.900000000000000000e+01 5.307865168539326328e-01 4.724000000000000199e+01
8.800000000000000000e+01 1.021363636363636251e+00 8.987999999999999545e+01
8.900000000000000000e+01 4.201123595505618091e-01 3.739000000000000057e+01
8.900000000000000000e+01 5.364044943820225342e-01 4.774000000000000199e+01
8.900000000000000000e+01 1.073146067415730487e+00 9.551000000000000512e+01
8.900000000000000000e+01 2.047865168539325875e+00 1.822599999999999909e+02
8.900000000000000000e+01 1.196179775280898916e+00 1.064600000000000080e+02
8.800000000000000000e+01 2.083181818181818024e+00 1.833199999999999932e+02
8.800000000000000000e+01 1.580568181818181817e+00 1.390900000000000034e+02
8.900000000000000000e+01 1.086067415730336938e+00 9.665999999999999659e+01
8.900000000000000000e+01 1.434943820224719113e+00 1.277100000000000080e+02
8.900000000000000000e+01 1.060561797752809010e+00 9.439000000000000057e+01
8.900000000000000000e+01 1.276741573033707944e+00 1.136300000000000097e+02
8.900000000000000000e+01 1.506292134831460627e+00 1.340600000000000023e+02
8.900000000000000000e+01 2.365168539325842867e-01 2.105000000000000071e+01
8.900000000000000000e+01 5.510112359550560779e-01 4.903999999999999204e+01
8.900000000000000000e+01 1.012022471910112298e+00 9.006999999999999318e+01
8.900000000000000000e+01 5.570786516853932779e-01 4.957999999999999829e+01
8.900000000000000000e+01 1.197528089887640368e+00 1.065799999999999983e+02
8.900000000000000000e+01 4.260674157303370735e-01 3.792000000000000171e+01
8.900000000000000000e+01 7.580898876404493780e-01 6.746999999999999886e+01
8.900000000000000000e+01 1.389662921348314484e+00 1.236799999999999926e+02
8.900000000000000000e+01 7.935955056179776479e-01 7.063000000000000966e+01
8.900000000000000000e+01 9.240449438202246180e-01 8.223999999999999488e+01
8.900000000000000000e+01 1.939662921348314528e+00 1.726299999999999955e+02
8.900000000000000000e+01 3.682022471910111894e-01 3.276999999999999602e+01
8.900000000000000000e+01 8.242696629213482895e-01 7.335999999999999943e+01
8.900000000000000000e+01 5.442696629213482629e-01 4.843999999999999773e+01
8.900000000000000000e+01 5.211235955056179314e-01 4.637999999999999545e+01
8.900000000000000000e+01 1.002247191011235827e+00 8.919999999999998863e+01
8.900000000000000000e+01 1.837078651685392916e-01 1.634999999999999787e+01
8.800000000000000000e+01 7.655681818181818699e-01 6.737000000000000455e+01
8.800000000000000000e+01 5.967045454545455430e-01 5.251000000000000512e+01
8.900000000000000000e+01 1.790112359550561694e+00 1.593199999999999932e+02
8.900000000000000000e+01 2.560112359550561489e+00 2.278499999999999659e+02
8.900000000000000000e+01 5.444943820224720232e-01 4.846000000000000796e+01
8.900000000000000000e+01 7.503370786516854185e-01 6.678000000000000114e+01
8.900000000000000000e+01 4.099999999999999201e-01 3.648999999999999488e+01
