2.400000000000000000e+01 0.000000000000000000e+00 0.000000000000000000e+00
3.780000000000000000e+02 6.097089947089946449e+00 2.304699999999999818e+03
3.930000000000000000e+02 6.642875318066156609e+00 2.610649999999999636e+03
3.930000000000000000e+02 5.026870229007633029e+00 1.975559999999999945e+03
3.930000000000000000e+02 5.600865139949109839e+00 2.201140000000000327e+03
3.930000000000000000e+02 5.589999999999999858e+00 2.196869999999999891e+03
3.930000000000000000e+02 4.545547073791349035e+00 1.786400000000000091e+03
3.930000000000000000e+02 4.847862595419847764e+00 1.905210000000000036e+03
3.930000000000000000e+02 3.078600508905851907e+00 1.209889999999999873e+03
3.930000000000000000e+02 4.382951653944020087e+00 1.722500000000000000e+03
3.930000000000000000e+02 4.552239185750636352e+00 1.789029999999999973e+03
3.930000000000000000e+02 4.132519083969465434e+00 1.624079999999999927e+03
3.930000000000000000e+02 4.679694656488549320e+00 1.839119999999999891e+03
3.930000000000000000e+02 3.813486005089058217e+00 1.498699999999999818e+03
3.930000000000000000e+02 4.193715012722647018e+00 1.648130000000000109e+03
3.930000000000000000e+02 4.044122137404580819e+00 1.589340000000000146e+03
3.930000000000000000e+02 4.926972010178117145e+00 1.936299999999999955e+03
3.930000000000000000e+02 4.736284987277353586e+00 1.861360000000000127e+03
3.930000000000000000e+02 3.935547073791348716e+00 1.546670000000000073e+03
3.930000000000000000e+02 4.691272264631043853e+00 1.843670000000000073e+03
3.930000000000000000e+02 3.919694656488549089e+00 1.540439999999999827e+03
3.930000000000000000e+02 5.181043256997456048e+00 2.036150000000000091e+03
3.930000000000000000e+02 5.006157760814249791e+00 1.967420000000000073e+03
3.930000000000000000e+02 4.592290076335877380e+00 1.804769999999999982e+03
3.930000000000000000e+02 5.110458015267175469e+00 2.008409999999999854e+03
3.930000000000000000e+02 4.401043256997455799e+00 1.729610000000000127e+03
3.930000000000000000e+02 5.311984732824426736e+00 2.087609999999999673e+03
3.930000000000000000e+02 5.037022900763358457e+00 1.979549999999999955e+03
3.930000000000000000e+02 5.293816793893130423e+00 2.080470000000000255e+03
3.930000000000000000e+02 4.618931297709924166e+00 1.815240000000000236e+03
3.930000000000000000e+02 4.503409669211195343e+00 1.769839999999999918e+03
3.930000000000000000e+02 5.075089058524172358e+00 1.994509999999999764e+03
3.930000000000000000e+02 4.478880407124681717e+00 1.760200000000000045e+03
3.930000000000000000e+02 4.368193384223919118e+00 1.716700000000000045e+03
3.930000000000000000e+02 4.878880407124682073e+00 1.917400000000000091e+03
3.930000000000000000e+02 5.025776081424936592e+00 1.975130000000000109e+03
3.930000000000000000e+02 5.106539440203562208e+00 2.006869999999999891e+03
3.930000000000000000e+02 4.012824427480915723e+00 1.577039999999999964e+03
3.930000000000000000e+02 4.800025445292621207e+00 1.886410000000000082e+03
3.930000000000000000e+02 4.906284987277353515e+00 1.928170000000000073e+03
3.930000000000000000e+02 3.848702290076335686e+00 1.512539999999999964e+03
3.930000000000000000e+02 4.219134860050890445e+00 1.658119999999999891e+03
3.930000000000000000e+02 4.240788804071247142e+00 1.666630000000000109e+03
3.930000000000000000e+02 5.300483460559797244e+00 2.083090000000000146e+03
3.930000000000000000e+02 4.651653944020355702e+00 1.828099999999999909e+03
3.930000000000000000e+02 4.661246819338422220e+00 1.831869999999999891e+03
3.930000000000000000e+02 4.688142493638676633e+00 1.842440000000000055e+03
3.930000000000000000e+02 3.839160305343511492e+00 1.508789999999999964e+03
3.930000000000000000e+02 4.293256997455470625e+00 1.687250000000000000e+03
3.930000000000000000e+02 3.303155216284987095e+00 1.298139999999999873e+03
3.930000000000000000e+02 3.911145038167938903e+00 1.537079999999999927e+03
3.930000000000000000e+02 4.332671755725190366e+00 1.702739999999999782e+03
3.930000000000000000e+02 3.913867684478371523e+00 1.538150000000000091e+03
3.930000000000000000e+02 4.440916030534350689e+00 1.745279999999999745e+03
3.930000000000000000e+02 3.525394402035623376e+00 1.385480000000000018e+03
3.930000000000000000e+02 4.028702290076336290e+00 1.583280000000000200e+03
3.930000000000000000e+02 4.550610687022900613e+00 1.788390000000000100e+03
3.930000000000000000e+02 3.916870229007633597e+00 1.539329999999999927e+03
3.930000000000000000e+02 4.790992366412214487e+00 1.882860000000000127e+03
3.930000000000000000e+02 3.683944020356233917e+00 1.447789999999999964e+03
3.930000000000000000e+02 4.762340966921119190e+00 1.871599999999999909e+03
3.930000000000000000e+02 4.035496183206106480e+00 1.585949999999999818e+03
3.930000000000000000e+02 4.704707379134859480e+00 1.848949999999999818e+03
3.930000000000000000e+02 4.399109414758269665e+00 1.728850000000000136e+03
3.930000000000000000e+02 4.370992366412213670e+00 1.717799999999999955e+03
3.930000000000000000e+02 4.796768447837150617e+00 1.885130000000000109e+03
3.930000000000000000e+02 4.824020356234095530e+00 1.895839999999999691e+03
3.930000000000000000e+02 4.383053435114503849e+00 1.722539999999999964e+03
3.930000000000000000e+02 4.222646310432569550e+00 1.659500000000000000e+03
3.930000000000000000e+02 3.825597964376590276e+00 1.503460000000000036e+03
3.930000000000000000e+02 4.967430025445292330e+00 1.952199999999999818e+03
3.930000000000000000e+02 4.584478371501272242e+00 1.801699999999999818e+03
3.930000000000000000e+02 4.287506361323154991e+00 1.684990000000000009e+03
3.930000000000000000e+02 4.303587786259542192e+00 1.691309999999999945e+03
3.930000000000000000e+02 4.036666666666666181e+00 1.586409999999999854e+03
3.930000000000000000e+02 4.392340966921119971e+00 1.726190000000000055e+03
3.930000000000000000e+02 4.552239185750636352e+00 1.789030000000000200e+03
3.930000000000000000e+02 4.609312977099237152e+00 1.811460000000000036e+03
3.930000000000000000e+02 4.726590330788804195e+00 1.857549999999999955e+03
3.930000000000000000e+02 4.307353689567429811e+00 1.692789999999999964e+03
3.930000000000000000e+02 4.592926208651399556e+00 1.805019999999999982e+03
3.930000000000000000e+02 3.649745547073790952e+00 1.434349999999999909e+03
3.930000000000000000e+02 4.802493638676844867e+00 1.887379999999999882e+03
3.930000000000000000e+02 4.428982188295165656e+00 1.740590000000000146e+03
3.930000000000000000e+02 4.630534351145038308e+00 1.819800000000000182e+03
3.930000000000000000e+02 5.266259541984732451e+00 2.069639999999999873e+03
3.930000000000000000e+02 4.919974554707379433e+00 1.933549999999999955e+03
3.930000000000000000e+02 5.210687022900763132e+00 2.047799999999999955e+03
3.930000000000000000e+02 3.976895674300254591e+00 1.562920000000000073e+03
3.930000000000000000e+02 4.385801526717557408e+00 1.723619999999999891e+03
3.930000000000000000e+02 4.849923664122137268e+00 1.906019999999999982e+03
3.930000000000000000e+02 4.104987277353689734e+00 1.613259999999999991e+03
3.930000000000000000e+02 4.979974554707379042e+00 1.957130000000000109e+03
3.930000000000000000e+02 4.112519083969465861e+00 1.616220000000000027e+03
3.930000000000000000e+02 4.172061068702289433e+00 1.639619999999999891e+03
3.930000000000000000e+02 4.097099236641221331e+00 1.610160000000000082e+03
3.930000000000000000e+02 4.816386768447837419e+00 1.892840000000000146e+03
3.930000000000000000e+02 5.037124681933842218e+00 1.979589999999999918e+03
3.930000000000000000e+02 4.320687022900763452e+00 1.698030000000000200e+03
3.930000000000000000e+02 4.604452926208652208e+00 1.809550000000000182e+03
