2.400000000000000000e+01 0.000000000000000000e+00 0.000000000000000000e+00
8.900000000000000000e+01 6.445505617977529411e+00 5.736500000000000909e+02
8.900000000000000000e+01 6.637415730337078656e+00 5.907300000000000182e+02
8.900000000000000000e+01 6.761348314606741461e+00 6.017599999999999909e+02
8.900000000000000000e+01 7.022696629213482922e+00 6.250199999999999818e+02
8.900000000000000000e+01 5.457415730337078053e+00 4.857099999999999795e+02
8.900000000000000000e+01 5.268988764044943984e+00 4.689399999999999977e+02
8.900000000000000000e+01 5.796292134831459109e+00 5.158699999999998909e+02
8.900000000000000000e+01 5.276179775280898987e+00 4.695799999999999841e+02
8.900000000000000000e+01 4.635617977528089462e+00 4.125699999999999932e+02
8.900000000000000000e+01 6.134157303370787240e+00 5.459400000000000546e+02
8.900000000000000000e+01 4.804719101123595237e+00 4.276200000000000045e+02
8.900000000000000000e+01 5.165617977528089710e+00 4.597400000000000091e+02
8.900000000000000000e+01 5.594157303370787204e+00 4.978800000000000523e+02
8.900000000000000000e+01 3.985505617977528559e+00 3.547100000000000364e+02
8.900000000000000000e+01 4.740561797752808282e+00 4.219099999999999682e+02
8.900000000000000000e+01 4.367078651685392998e+00 3.886700000000000159e+02
8.900000000000000000e+01 2.359999999999999876e+00 2.100399999999999920e+02
8.900000000000000000e+01 1.615280898876404470e+00 1.437599999999999909e+02
8.900000000000000000e+01 2.094269662921348196e+00 1.863899999999999864e+02
8.900000000000000000e+01 1.323258426966292145e+00 1.177700000000000102e+02
8.900000000000000000e+01 1.547415730337078577e+00 1.377199999999999989e+02
8.900000000000000000e+01 1.727303370786516634e+00 1.537299999999999898e+02
8.900000000000000000e+01 6.920224719101123467e-01 6.159000000000000341e+01
8.900000000000000000e+01 2.880561797752808850e+00 2.563700000000000045e+02
8.900000000000000000e+01 2.120000000000000107e+00 1.886800000000000068e+02
8.900000000000000000e+01 1.711685393258426613e+00 1.523399999999999750e+02
8.900000000000000000e+01 1.593033707865168846e+00 1.417800000000000296e+02
8.900000000000000000e+01 1.195955056179775156e+00 1.064399999999999977e+02
8.900000000000000000e+01 9.577528089887640261e-01 8.523999999999999488e+01
8.900000000000000000e+01 9.604494382022470411e-01 8.547999999999998977e+01
8.900000000000000000e+01 1.806404494382022330e+00 1.607699999999999818e+02
8.900000000000000000e+01 8.939325842696629332e-01 7.956000000000000227e+01
8.900000000000000000e+01 1.200224719101123716e+00 1.068200000000000074e+02
8.900000000000000000e+01 1.459101123595505811e+00 1.298600000000000136e+02
8.900000000000000000e+01 2.397752808988763973e-01 2.133999999999999986e+01
8.900000000000000000e+01 7.376404494382022836e-01 6.565000000000000568e+01
8.900000000000000000e+01 2.409101123595505545e+00 2.144099999999999966e+02
8.900000000000000000e+01 1.764831460674157526e+00 1.570700000000000216e+02
8.900000000000000000e+01 1.640000000000000124e+00 1.459600000000000080e+02
8.900000000000000000e+01 1.016404494382022294e+00 9.045999999999999375e+01
8.800000000000000000e+01 6.250000000000000000e-01 5.500000000000000000e+01
8.800000000000000000e+01 8.826136363636364335e-01 7.767000000000000171e+01
8.900000000000000000e+01 1.638089887640449271e+00 1.457899999999999920e+02
8.900000000000000000e+01 3.214719101123595824e+00 2.861100000000000136e+02
8.900000000000000000e+01 3.767191011235954790e+00 3.352799999999999727e+02
8.900000000000000000e+01 2.177528089887640572e+00 1.938000000000000114e+02
8.900000000000000000e+01 1.860561797752809055e+00 1.655900000000000034e+02
8.900000000000000000e+01 1.595056179775280913e+00 1.419600000000000080e+02
8.900000000000000000e+01 1.813370786516853794e+00 1.613899999999999864e+02
8.900000000000000000e+01 3.154719101123595326e+00 2.807699999999999818e+02
8.900000000000000000e+01 1.878314606741572801e+00 1.671699999999999875e+02
8.900000000000000000e+01 5.108988764044943842e-01 4.546999999999999886e+01
8.900000000000000000e+01 1.084943820224719024e+00 9.655999999999998806e+01
8.900000000000000000e+01 7.370786516853932158e-01 6.559999999999999432e+01
8.900000000000000000e+01 4.734831460674157610e-01 4.214000000000000057e+01
8.800000000000000000e+01 2.715568181818181603e+00 2.389699999999999989e+02
8.800000000000000000e+01 1.086022727272727417e+00 9.557000000000000739e+01
8.900000000000000000e+01 1.375842696629213435e+00 1.224500000000000028e+02
8.900000000000000000e+01 1.332359550561797779e+00 1.185799999999999983e+02
8.900000000000000000e+01 1.041011235955056069e+00 9.264999999999999147e+01
8.900000000000000000e+01 1.172808988764044935e+00 1.043799999999999955e+02
8.900000000000000000e+01 1.767865168539325849e+00 1.573400000000000034e+02
8.900000000000000000e+01 1.034831460674157322e+00 9.209999999999999432e+01
8.900000000000000000e+01 4.921348314606741048e-01 4.379999999999999716e+01
8.900000000000000000e+01 1.143258426966292207e+00 1.017500000000000000e+02
8.900000000000000000e+01 4.839325842696629021e-01 4.307000000000000028e+01
8.900000000000000000e+01 4.211235955056180091e-01 3.748000000000000398e+01
8.900000000000000000e+01 2.007865168539325840e+00 1.787000000000000171e+02
8.900000000000000000e+01 1.948764044943820162e+00 1.734399999999999977e+02
8.900000000000000000e+01 1.865168539325842589e+00 1.660000000000000000e+02
8.900000000000000000e+01 1.793820224719101297e+00 1.596500000000000057e+02
8.900000000000000000e+01 6.611235955056180558e-01 5.884000000000000341e+01
8.900000000000000000e+01 9.324719101123595255e-01 8.298999999999999488e+01
8.900000000000000000e+01 1.144719101123595539e+00 1.018800000000000097e+02
8.900000000000000000e+01 5.605617977528090101e-01 4.989000000000000057e+01
8.900000000000000000e+01 3.328089887640449107e-01 2.961999999999999744e+01
8.900000000000000000e+01 2.774382022471909792e+00 2.469199999999999875e+02
8.900000000000000000e+01 1.297415730337078577e+00 1.154699999999999989e+02
8.900000000000000000e+01 1.661910112359550551e+00 1.479099999999999966e+02
8.900000000000000000e+01 1.848202247191011338e+00 1.644900000000000091e+02
8.900000000000000000e+01 1.537078651685393149e+00 1.367999999999999829e+02
8.900000000000000000e+01 1.483258426966292065e+00 1.320099999999999909e+02
8.900000000000000000e+01 1.307752808988764004e+00 1.163900000000000006e+02
8.900000000000000000e+01 1.168651685393258255e+00 1.040099999999999909e+02
8.900000000000000000e+01 9.423595505617977652e-01 8.387000000000000455e+01
8.900000000000000000e+01 1.656516853932584299e+00 1.474300000000000068e+02
8.900000000000000000e+01 2.204269662921348516e+00 1.961800000000000068e+02
8.900000000000000000e+01 2.578426966292135081e+00 2.294800000000000182e+02
8.900000000000000000e+01 1.546067415730337125e+00 1.375999999999999943e+02
8.900000000000000000e+01 1.090898876404494455e+00 9.709000000000000341e+01
8.900000000000000000e+01 5.220224719101123068e-01 4.645999999999999375e+01
8.900000000000000000e+01 2.245730337078651662e+00 1.998700000000000045e+02
8.900000000000000000e+01 1.436404494382022445e+00 1.278400000000000034e+02
8.900000000000000000e+01 8.685393258426965524e-01 7.729999999999999716e+01
8.900000000000000000e+01 7.934831460674157677e-01 7.062000000000000455e+01
8.900000000000000000e+01 7.613483146067414609e-01 6.775999999999999091e+01
8.900000000000000000e+01 8.242696629213481785e-01 7.335999999999998522e+01
8.900000000000000000e+01 1.967640449438202266e+00 1.751200000000000045e+02
8.900000000000000000e+01 3.060112359550561933e+00 2.723500000000000227e+02
