2.400000000000000000e+01 0.000000000000000000e+00 0.000000000000000000e+00
3.850000000000000000e+02 7.751896103896103618e+00 2.984480000000000018e+03
3.930000000000000000e+02 4.598244274809160537e+00 1.807110000000000127e+03
3.930000000000000000e+02 4.048244274809160714e+00 1.590960000000000036e+03
3.930000000000000000e+02 4.571781170483460777e+00 1.796710000000000036e+03
3.930000000000000000e+02 5.268625954198474126e+00 2.070570000000000164e+03
3.930000000000000000e+02 5.118091603053434469e+00 2.011409999999999854e+03
3.930000000000000000e+02 3.966005089058524558e+00 1.558640000000000100e+03
3.930000000000000000e+02 4.939236641221373958e+00 1.941120000000000118e+03
3.930000000000000000e+02 4.873994910941475744e+00 1.915480000000000018e+03
3.930000000000000000e+02 4.298218829516539330e+00 1.689199999999999818e+03
3.930000000000000000e+02 5.788524173027990827e+00 2.274890000000000327e+03
3.930000000000000000e+02 5.571755725190839392e+00 2.189699999999999818e+03
3.930000000000000000e+02 4.999033078880406933e+00 1.964619999999999891e+03
3.930000000000000000e+02 4.649618320610687583e+00 1.827300000000000182e+03
3.930000000000000000e+02 4.080534351145038485e+00 1.603650000000000091e+03
3.930000000000000000e+02 4.748498727735369407e+00 1.866160000000000082e+03
3.930000000000000000e+02 5.376870229007632673e+00 2.113109999999999673e+03
3.930000000000000000e+02 4.463358778625954315e+00 1.754099999999999909e+03
3.930000000000000000e+02 4.363765903307887939e+00 1.714960000000000036e+03
3.930000000000000000e+02 4.471450381679389352e+00 1.757279999999999973e+03
3.930000000000000000e+02 4.042900763358779237e+00 1.588860000000000127e+03
3.930000000000000000e+02 5.173613231552162794e+00 2.033230000000000018e+03
3.930000000000000000e+02 5.009211195928752858e+00 1.968619999999999891e+03
3.930000000000000000e+02 4.475241730279898356e+00 1.758769999999999982e+03
3.930000000000000000e+02 4.767175572519083637e+00 1.873500000000000000e+03
3.930000000000000000e+02 4.990356234096692489e+00 1.961210000000000036e+03
3.930000000000000000e+02 4.646412213740457986e+00 1.826039999999999964e+03
3.930000000000000000e+02 4.329211195928753142e+00 1.701380000000000109e+03
3.930000000000000000e+02 4.782697201017811039e+00 1.879599999999999909e+03
3.930000000000000000e+02 4.458040712468194222e+00 1.752010000000000218e+03
3.930000000000000000e+02 5.453435114503816017e+00 2.143199999999999818e+03
3.930000000000000000e+02 5.192239185750635144e+00 2.040549999999999727e+03
3.930000000000000000e+02 4.356539440203562208e+00 1.712119999999999891e+03
3.930000000000000000e+02 5.778829516539439659e+00 2.271079999999999927e+03
3.930000000000000000e+02 4.856310432569974189e+00 1.908529999999999973e+03
3.930000000000000000e+02 4.819312977099236228e+00 1.893990000000000009e+03
3.930000000000000000e+02 5.717989821882952128e+00 2.247170000000000073e+03
3.930000000000000000e+02 4.470254452926208266e+00 1.756809999999999945e+03
3.930000000000000000e+02 5.006361323155215537e+00 1.967499999999999773e+03
3.930000000000000000e+02 4.674096692111959328e+00 1.836920000000000073e+03
3.930000000000000000e+02 4.767150127226463141e+00 1.873490000000000009e+03
3.930000000000000000e+02 4.516615776081424727e+00 1.775029999999999973e+03
3.930000000000000000e+02 5.168931297709923101e+00 2.031389999999999873e+03
3.930000000000000000e+02 5.836284987277353231e+00 2.293659999999999854e+03
3.930000000000000000e+02 4.703231552162849383e+00 1.848369999999999891e+03
3.930000000000000000e+02 4.409643765903306978e+00 1.732989999999999782e+03
3.930000000000000000e+02 5.386692111959288098e+00 2.116970000000000255e+03
3.930000000000000000e+02 5.247989821882951489e+00 2.062460000000000036e+03
3.930000000000000000e+02 5.019847328244275708e+00 1.972800000000000182e+03
3.930000000000000000e+02 4.522620865139948876e+00 1.777389999999999873e+03
3.930000000000000000e+02 4.601857506361323402e+00 1.808529999999999973e+03
3.930000000000000000e+02 4.415750636132315776e+00 1.735390000000000100e+03
3.930000000000000000e+02 4.962620865139949267e+00 1.950309999999999945e+03
3.930000000000000000e+02 4.950152671755725819e+00 1.945410000000000309e+03
3.930000000000000000e+02 4.849007633587786081e+00 1.905659999999999854e+03
3.930000000000000000e+02 5.392213740458014826e+00 2.119139999999999873e+03
3.930000000000000000e+02 5.466234096692112132e+00 2.148230000000000018e+03
3.930000000000000000e+02 4.683027989821882286e+00 1.840429999999999836e+03
3.930000000000000000e+02 5.292468193384223696e+00 2.079940000000000055e+03
3.930000000000000000e+02 5.587379134860051444e+00 2.195840000000000146e+03
3.930000000000000000e+02 4.739338422391857542e+00 1.862559999999999945e+03
3.930000000000000000e+02 4.783638676844783610e+00 1.879969999999999800e+03
3.930000000000000000e+02 4.526870229007633029e+00 1.779059999999999945e+03
3.930000000000000000e+02 4.544860050890584979e+00 1.786129999999999882e+03
3.930000000000000000e+02 4.803613231552161800e+00 1.887819999999999709e+03
3.930000000000000000e+02 5.154783715012722922e+00 2.025830000000000155e+03
3.930000000000000000e+02 4.855190839694657257e+00 1.908090000000000146e+03
3.930000000000000000e+02 4.252010178117048511e+00 1.671040000000000191e+03
3.930000000000000000e+02 4.425368956743002791e+00 1.739170000000000073e+03
3.930000000000000000e+02 4.748295165394401884e+00 1.866079999999999927e+03
3.930000000000000000e+02 4.277582697201018469e+00 1.681090000000000146e+03
3.930000000000000000e+02 5.290152671755724789e+00 2.079029999999999745e+03
3.930000000000000000e+02 4.620585241730280401e+00 1.815890000000000100e+03
3.930000000000000000e+02 5.054605597964376251e+00 1.986459999999999809e+03
3.930000000000000000e+02 4.756692111959288205e+00 1.869380000000000109e+03
3.930000000000000000e+02 4.775318066157760555e+00 1.876700000000000045e+03
3.930000000000000000e+02 4.363969465648854573e+00 1.715039999999999964e+03
3.930000000000000000e+02 4.739592875318066056e+00 1.862659999999999854e+03
3.930000000000000000e+02 4.887175572519083744e+00 1.920659999999999854e+03
3.930000000000000000e+02 4.379312977099236726e+00 1.721069999999999936e+03
3.930000000000000000e+02 5.327201017811705519e+00 2.093590000000000146e+03
3.930000000000000000e+02 5.030610687022901040e+00 1.977029999999999973e+03
3.930000000000000000e+02 4.831297709923664030e+00 1.898700000000000045e+03
3.930000000000000000e+02 4.796463104325699334e+00 1.885009999999999991e+03
3.930000000000000000e+02 4.378117048346055640e+00 1.720599999999999909e+03
3.930000000000000000e+02 4.047073791348600125e+00 1.590500000000000000e+03
3.930000000000000000e+02 4.344580152671755791e+00 1.707420000000000073e+03
3.930000000000000000e+02 4.934732824427480402e+00 1.939349999999999909e+03
3.930000000000000000e+02 5.011424936386768891e+00 1.969490000000000009e+03
3.930000000000000000e+02 5.207353689567430166e+00 2.046490000000000009e+03
3.930000000000000000e+02 4.551272264631043285e+00 1.788650000000000091e+03
3.930000000000000000e+02 4.719592875318066483e+00 1.854800000000000182e+03
3.930000000000000000e+02 4.362849872773536752e+00 1.714599999999999909e+03
3.930000000000000000e+02 4.520534351145037988e+00 1.776569999999999936e+03
3.930000000000000000e+02 4.608931297709923491e+00 1.811309999999999945e+03
3.930000000000000000e+02 4.140229007633587699e+00 1.627110000000000127e+03
3.930000000000000000e+02 5.164452926208651817e+00 2.029630000000000109e+03
3.930000000000000000e+02 4.673587786259542298e+00 1.836720000000000027e+03
3.930000000000000000e+02 3.934427480916030451e+00 1.546230000000000018e+03
