2.400000000000000000e+01 0.000000000000000000e+00 0.000000000000000000e+00
6.190000000000000000e+02 6.810468497576737334e+00 4.215680000000000291e+03
8.800000000000000000e+02 3.849181818181818482e+00 3.387280000000000200e+03
9.110000000000000000e+02 3.101844127332601175e+00 2.825779999999999745e+03
9.220000000000000000e+02 2.799859002169197808e+00 2.581470000000000255e+03
9.290000000000000000e+02 2.746060279870829124e+00 2.551090000000000146e+03
9.430000000000000000e+02 2.329809119830328790e+00 2.197010000000000218e+03
9.520000000000000000e+02 2.266533613445377959e+00 2.157739999999999782e+03
9.530000000000000000e+02 1.980776495278069316e+00 1.887680000000000064e+03
9.560000000000000000e+02 1.768305439330543960e+00 1.690500000000000000e+03
9.620000000000000000e+02 1.465914760914760917e+00 1.410210000000000036e+03
9.700000000000000000e+02 1.812876288659793778e+00 1.758490000000000009e+03
9.770000000000000000e+02 1.536949846468781855e+00 1.501599999999999909e+03
9.800000000000000000e+02 1.853846938775510100e+00 1.816769999999999982e+03
9.820000000000000000e+02 1.759898167006110015e+00 1.728220000000000027e+03
9.830000000000000000e+02 1.605147507629705039e+00 1.577860000000000127e+03
9.860000000000000000e+02 1.638164300202839874e+00 1.615230000000000018e+03
9.870000000000000000e+02 1.478368794326241131e+00 1.459150000000000091e+03
9.870000000000000000e+02 1.510618034447821723e+00 1.490980000000000018e+03
9.870000000000000000e+02 1.347173252279635358e+00 1.329660000000000082e+03
9.870000000000000000e+02 1.410405268490374731e+00 1.392069999999999936e+03
9.870000000000000000e+02 1.448844984802431402e+00 1.430009999999999764e+03
9.870000000000000000e+02 1.467750759878419631e+00 1.448670000000000073e+03
9.870000000000000000e+02 1.556261398176291832e+00 1.536029999999999973e+03
9.870000000000000000e+02 1.510861195542046564e+00 1.491220000000000027e+03
9.870000000000000000e+02 1.419696048632218766e+00 1.401240000000000009e+03
9.870000000000000000e+02 1.549837892603850076e+00 1.529690000000000055e+03
9.870000000000000000e+02 1.236575481256332321e+00 1.220500000000000000e+03
9.870000000000000000e+02 1.081215805471124503e+00 1.067159999999999854e+03
9.870000000000000000e+02 1.146838905775076078e+00 1.131930000000000064e+03
9.870000000000000000e+02 1.293363728470111385e+00 1.276549999999999955e+03
9.870000000000000000e+02 1.581053698074974756e+00 1.560500000000000000e+03
9.870000000000000000e+02 1.599574468085106504e+00 1.578780000000000200e+03
9.870000000000000000e+02 1.574174265450861254e+00 1.553710000000000036e+03
9.870000000000000000e+02 1.709159067882472183e+00 1.686940000000000055e+03
9.870000000000000000e+02 1.341985815602836807e+00 1.324539999999999964e+03
9.870000000000000000e+02 1.397325227963525762e+00 1.379159999999999854e+03
9.870000000000000000e+02 1.235754812563323313e+00 1.219690000000000055e+03
9.870000000000000000e+02 1.112826747720364828e+00 1.098360000000000127e+03
9.870000000000000000e+02 1.252178318135765078e+00 1.235900000000000091e+03
9.870000000000000000e+02 1.142907801418439950e+00 1.128050000000000182e+03
9.870000000000000000e+02 1.530101317122593674e+00 1.510210000000000036e+03
9.870000000000000000e+02 1.695065856129685633e+00 1.673029999999999745e+03
9.870000000000000000e+02 1.563971631205673729e+00 1.543639999999999873e+03
9.870000000000000000e+02 1.482705167173252514e+00 1.463430000000000291e+03
9.870000000000000000e+02 1.469655521783181262e+00 1.450549999999999955e+03
9.870000000000000000e+02 1.232907801418439586e+00 1.216879999999999882e+03
9.870000000000000000e+02 1.242168186423505460e+00 1.226019999999999982e+03
9.870000000000000000e+02 1.202695035460992878e+00 1.187059999999999945e+03
9.870000000000000000e+02 1.460952380952381002e+00 1.441960000000000036e+03
9.870000000000000000e+02 1.345136778115501697e+00 1.327650000000000091e+03
9.870000000000000000e+02 1.560567375886524832e+00 1.540279999999999973e+03
9.870000000000000000e+02 1.540901722391084139e+00 1.520870000000000118e+03
9.870000000000000000e+02 1.393799392097264223e+00 1.375679999999999836e+03
9.870000000000000000e+02 1.090770010131712375e+00 1.076590000000000146e+03
9.870000000000000000e+02 1.327801418439716219e+00 1.310539999999999964e+03
9.870000000000000000e+02 1.344123606889564337e+00 1.326650000000000091e+03
9.870000000000000000e+02 1.400182370820668654e+00 1.381980000000000018e+03
9.870000000000000000e+02 1.290455927051671559e+00 1.273679999999999836e+03
9.870000000000000000e+02 1.237021276595744679e+00 1.220940000000000055e+03
9.870000000000000000e+02 1.233029381965552229e+00 1.217000000000000000e+03
9.870000000000000000e+02 1.132745694022289751e+00 1.118019999999999982e+03
9.870000000000000000e+02 1.140162107396150093e+00 1.125340000000000146e+03
9.870000000000000000e+02 6.901925025329280761e-01 6.812200000000000273e+02
9.870000000000000000e+02 6.873657548125632344e-01 6.784299999999999500e+02
9.870000000000000000e+02 7.037284701114489005e-01 6.945800000000000409e+02
9.870000000000000000e+02 7.548834853090171659e-01 7.450699999999999363e+02
9.870000000000000000e+02 9.471529888551165621e-01 9.348400000000000318e+02
9.870000000000000000e+02 7.840222897669706370e-01 7.738300000000000409e+02
9.870000000000000000e+02 8.556231003039513894e-01 8.445000000000000000e+02
9.860000000000000000e+02 7.802636916835699044e-01 7.693399999999999181e+02
9.840000000000000000e+02 7.389837398373982902e-01 7.271599999999999682e+02
9.830000000000000000e+02 6.366225839267547482e-01 6.257999999999999545e+02
9.850000000000000000e+02 4.808527918781725918e-01 4.736399999999999864e+02
9.860000000000000000e+02 4.607707910750507008e-01 4.543199999999999932e+02
9.840000000000000000e+02 4.003252032520324688e-01 3.939199999999999591e+02
9.840000000000000000e+02 4.118495934959349736e-01 4.052599999999999909e+02
9.800000000000000000e+02 3.170612244897959009e-01 3.107199999999999704e+02
9.800000000000000000e+02 2.438163265306122485e-01 2.389399999999999977e+02
9.770000000000000000e+02 3.448515864892528482e-01 3.369200000000000159e+02
9.730000000000000000e+02 3.222302158273381845e-01 3.135300000000000296e+02
9.750000000000000000e+02 1.736512820512820521e-01 1.693100000000000023e+02
9.750000000000000000e+02 1.704512820512820437e-01 1.661899999999999977e+02
9.700000000000000000e+02 1.812268041237113658e-01 1.757900000000000205e+02
9.690000000000000000e+02 1.765737874097007276e-01 1.710999999999999943e+02
9.710000000000000000e+02 1.781462409886714893e-01 1.729800000000000182e+02
9.660000000000000000e+02 3.001863354037267451e-01 2.899800000000000182e+02
9.650000000000000000e+02 3.143523316062176165e-01 3.033500000000000227e+02
9.650000000000000000e+02 2.323316062176165597e-01 2.241999999999999886e+02
9.620000000000000000e+02 3.135862785862785773e-01 3.016700000000000159e+02
9.610000000000000000e+02 2.398335067637877294e-01 2.304800000000000182e+02
9.600000000000000000e+02 1.893333333333333257e-01 1.817599999999999909e+02
9.620000000000000000e+02 3.207068607068606636e-01 3.085199999999999818e+02
9.600000000000000000e+02 1.822812500000000058e-01 1.749900000000000091e+02
9.560000000000000000e+02 2.018619246861924621e-01 1.929799999999999898e+02
9.570000000000000000e+02 1.523406478578892276e-01 1.457899999999999920e+02
9.600000000000000000e+02 1.692395833333333321e-01 1.624699999999999989e+02
9.540000000000000000e+02 1.956289308176100972e-01 1.866300000000000239e+02
9.530000000000000000e+02 1.949527806925498430e-01 1.857899999999999920e+02
9.500000000000000000e+02 1.521263157894736928e-01 1.445200000000000102e+02
