1.400000000000000000e+01 0.000000000000000000e+00 0.000000000000000000e+00
1.900000000000000000e+01 9.129473684210527296e+00 1.734600000000000080e+02
1.900000000000000000e+01 7.971578947368421098e+00 1.514600000000000080e+02
1.900000000000000000e+01 6.187894736842104670e+00 1.175699999999999932e+02
1.900000000000000000e+01 8.298421052631580253e+00 1.576700000000000159e+02
1.900000000000000000e+01 8.590526315789471568e+00 1.632199999999999704e+02
1.900000000000000000e+01 7.869473684210525732e+00 1.495199999999999818e+02
1.900000000000000000e+01 7.658421052631578796e+00 1.455099999999999909e+02
1.900000000000000000e+01 9.370526315789472704e+00 1.780399999999999920e+02
1.900000000000000000e+01 7.931578947368420174e+00 1.506999999999999886e+02
1.900000000000000000e+01 8.068947368421055089e+00 1.533100000000000307e+02
1.900000000000000000e+01 8.468947368421051891e+00 1.609099999999999966e+02
1.900000000000000000e+01 8.698421052631578831e+00 1.652699999999999818e+02
1.900000000000000000e+01 1.010631578947368325e+01 1.920199999999999818e+02
1.900000000000000000e+01 7.990000000000000213e+00 1.518100000000000023e+02
1.900000000000000000e+01 9.159473684210526656e+00 1.740300000000000011e+02
1.900000000000000000e+01 9.064736842105261871e+00 1.722299999999999898e+02
1.900000000000000000e+01 6.063157894736842302e+00 1.152000000000000028e+02
1.900000000000000000e+01 9.249473684210524738e+00 1.757399999999999807e+02
1.900000000000000000e+01 1.042473684210526308e+01 1.980699999999999932e+02
1.900000000000000000e+01 6.859473684210526834e+00 1.303300000000000125e+02
1.900000000000000000e+01 7.175263157894737454e+00 1.363300000000000125e+02
1.900000000000000000e+01 8.696842105263156597e+00 1.652399999999999807e+02
1.900000000000000000e+01 7.139473684210525306e+00 1.356499999999999773e+02
1.900000000000000000e+01 7.490000000000000213e+00 1.423100000000000023e+02
1.900000000000000000e+01 7.994210526315789878e+00 1.518900000000000148e+02
1.900000000000000000e+01 8.293684210526317102e+00 1.575800000000000125e+02
1.900000000000000000e+01 8.385263157894737418e+00 1.593200000000000216e+02
1.900000000000000000e+01 7.793157894736841840e+00 1.480699999999999932e+02
1.900000000000000000e+01 6.878947368421053810e+00 1.307000000000000171e+02
1.900000000000000000e+01 8.549999999999998934e+00 1.624499999999999886e+02
1.900000000000000000e+01 6.984736842105263577e+00 1.327100000000000080e+02
1.900000000000000000e+01 7.317894736842106340e+00 1.390400000000000205e+02
1.900000000000000000e+01 7.543684210526315326e+00 1.433299999999999841e+02
1.900000000000000000e+01 7.136315789473684390e+00 1.355900000000000034e+02
1.900000000000000000e+01 4.843684210526316036e+00 9.203000000000000114e+01
1.900000000000000000e+01 6.713684210526316143e+00 1.275600000000000023e+02
1.900000000000000000e+01 5.659473684210525768e+00 1.075299999999999869e+02
1.900000000000000000e+01 6.674736842105263968e+00 1.268200000000000074e+02
1.900000000000000000e+01 8.325263157894735144e+00 1.581799999999999784e+02
1.900000000000000000e+01 9.321578947368422519e+00 1.771100000000000136e+02
1.900000000000000000e+01 3.857894736842105043e+00 7.329999999999999716e+01
1.900000000000000000e+01 6.634210526315790446e+00 1.260500000000000114e+02
1.900000000000000000e+01 5.073684210526316463e+00 9.640000000000000568e+01
1.900000000000000000e+01 6.076315789473684781e+00 1.154500000000000028e+02
1.900000000000000000e+01 7.935263157894737240e+00 1.507700000000000102e+02
1.900000000000000000e+01 6.555789473684209945e+00 1.245599999999999881e+02
1.900000000000000000e+01 6.133684210526315184e+00 1.165399999999999920e+02
1.900000000000000000e+01 7.044736842105263186e+00 1.338499999999999943e+02
1.900000000000000000e+01 7.590526315789473344e+00 1.442199999999999989e+02
1.900000000000000000e+01 7.235789473684209661e+00 1.374799999999999898e+02
1.900000000000000000e+01 7.535263157894735997e+00 1.431699999999999875e+02
1.900000000000000000e+01 7.369473684210526621e+00 1.400200000000000102e+02
1.900000000000000000e+01 5.655263157894737880e+00 1.074500000000000171e+02
1.900000000000000000e+01 5.259999999999999787e+00 9.993999999999999773e+01
1.900000000000000000e+01 7.730526315789473024e+00 1.468799999999999955e+02
1.900000000000000000e+01 7.695789473684210513e+00 1.462199999999999989e+02
1.900000000000000000e+01 6.986842105263157521e+00 1.327500000000000000e+02
1.900000000000000000e+01 4.308421052631580039e+00 8.186000000000001364e+01
1.900000000000000000e+01 4.190000000000000391e+00 7.960999999999999943e+01
1.900000000000000000e+01 6.233684210526315717e+00 1.184399999999999977e+02
1.900000000000000000e+01 7.756315789473684497e+00 1.473700000000000045e+02
1.900000000000000000e+01 7.916315789473685527e+00 1.504100000000000250e+02
1.900000000000000000e+01 5.783684210526315539e+00 1.098900000000000006e+02
1.900000000000000000e+01 6.871578947368421453e+00 1.305600000000000023e+02
1.900000000000000000e+01 7.951578947368420636e+00 1.510799999999999841e+02
1.900000000000000000e+01 6.279473684210526763e+00 1.193100000000000023e+02
1.900000000000000000e+01 7.676842105263157023e+00 1.458599999999999852e+02
1.900000000000000000e+01 7.100526315789473131e+00 1.349099999999999966e+02
1.900000000000000000e+01 4.163684210526315432e+00 7.910999999999998522e+01
1.900000000000000000e+01 7.593157894736840774e+00 1.442699999999999818e+02
1.900000000000000000e+01 7.807894736842106553e+00 1.483500000000000227e+02
1.900000000000000000e+01 7.580526315789473557e+00 1.440300000000000011e+02
1.900000000000000000e+01 9.216842105263156171e+00 1.751199999999999761e+02
1.900000000000000000e+01 8.403684210526314757e+00 1.596699999999999875e+02
1.900000000000000000e+01 8.284736842105260735e+00 1.574099999999999682e+02
1.900000000000000000e+01 8.940526315789474765e+00 1.698700000000000045e+02
1.900000000000000000e+01 8.292105263157893091e+00 1.575499999999999829e+02
1.900000000000000000e+01 8.347894736842103924e+00 1.586099999999999852e+02
1.900000000000000000e+01 1.020947368421052381e+01 1.939799999999999613e+02
1.900000000000000000e+01 9.785263157894737773e+00 1.859200000000000159e+02
1.900000000000000000e+01 6.707368421052632534e+00 1.274400000000000119e+02
1.900000000000000000e+01 9.177894736842105772e+00 1.743799999999999955e+02
1.900000000000000000e+01 5.731052631578947398e+00 1.088900000000000006e+02
1.900000000000000000e+01 7.391578947368422803e+00 1.404400000000000261e+02
1.900000000000000000e+01 9.121578947368421453e+00 1.733100000000000023e+02
1.900000000000000000e+01 6.426315789473684426e+00 1.221000000000000085e+02
1.900000000000000000e+01 6.445263157894737027e+00 1.224600000000000080e+02
1.900000000000000000e+01 8.748947368421051252e+00 1.662299999999999898e+02
1.900000000000000000e+01 8.716842105263157947e+00 1.656200000000000045e+02
1.900000000000000000e+01 7.588947368421052886e+00 1.441899999999999977e+02
1.900000000000000000e+01 9.640000000000000568e+00 1.831600000000000250e+02
1.900000000000000000e+01 8.771052631578948322e+00 1.666500000000000057e+02
1.900000000000000000e+01 9.273157894736842266e+00 1.761899999999999977e+02
1.900000000000000000e+01 8.177368421052632286e+00 1.553700000000000045e+02
1.900000000000000000e+01 8.842631578947369064e+00 1.680100000000000193e+02
1.900000000000000000e+01 8.220526315789474125e+00 1.561899999999999977e+02
1.900000000000000000e+01 9.510526315789473273e+00 1.806999999999999886e+02
1.900000000000000000e+01 8.265263157894736423e+00 1.570399999999999920e+02
1.900000000000000000e+01 7.242631578947367643e+00 1.376099999999999852e+02
