2.400000000000000000e+01 0.000000000000000000e+00 0.000000000000000000e+00
5.110000000000000000e+02 3.087181996086105773e+00 1.577549999999999955e+03
5.870000000000000000e+02 1.621669505962521463e+00 9.519200000000000728e+02
5.990000000000000000e+02 1.733038397328881652e+00 1.038090000000000146e+03
6.120000000000000000e+02 1.248382352941176388e+00 7.640099999999999909e+02
6.170000000000000000e+02 1.007795786061588261e+00 6.218099999999999454e+02
6.370000000000000000e+02 6.008163265306122325e-01 3.827200000000000273e+02
6.370000000000000000e+02 1.339246467817896413e-01 8.531000000000000227e+01
6.350000000000000000e+02 5.985669291338583387e-01 3.800900000000000318e+02
6.360000000000000000e+02 8.348113207547170900e-01 5.309400000000000546e+02
6.350000000000000000e+02 3.054960629921260051e-01 1.939900000000000091e+02
6.340000000000000000e+02 7.584227129337539619e-01 4.808400000000000318e+02
6.360000000000000000e+02 1.099339622641509306e+00 6.991799999999999500e+02
6.360000000000000000e+02 7.172798742138364325e-01 4.561899999999999409e+02
6.380000000000000000e+02 6.298432601880877835e-01 4.018400000000000318e+02
6.380000000000000000e+02 4.600000000000000200e-01 2.934800000000000182e+02
6.380000000000000000e+02 4.964733542319749171e-01 3.167500000000000000e+02
6.380000000000000000e+02 7.886833855799373350e-01 5.031800000000000068e+02
6.370000000000000000e+02 1.099748822605965515e+00 7.005399999999999636e+02
6.350000000000000000e+02 2.246614173228346500e-01 1.426599999999999966e+02
6.350000000000000000e+02 2.194645669291338808e-01 1.393600000000000136e+02
6.370000000000000000e+02 1.828728414442699901e-01 1.164899999999999807e+02
6.380000000000000000e+02 3.894670846394984731e-01 2.484800000000000182e+02
6.410000000000000000e+02 5.706396255850233468e-01 3.657799999999999727e+02
6.410000000000000000e+02 1.300000000000000044e-01 8.332999999999999829e+01
6.380000000000000000e+02 2.383385579937304100e-01 1.520600000000000023e+02
6.400000000000000000e+02 4.447968749999999249e-01 2.846699999999999591e+02
6.410000000000000000e+02 4.526209048361934384e-01 2.901299999999999955e+02
6.370000000000000000e+02 2.162637362637362393e-01 1.377599999999999909e+02
6.410000000000000000e+02 1.354602184087363437e-01 8.682999999999999829e+01
6.410000000000000000e+02 1.211232449297971886e-01 7.764000000000000057e+01
6.420000000000000000e+02 1.899532710280373848e-01 1.219500000000000028e+02
6.420000000000000000e+02 1.035202492211838160e-01 6.646000000000000796e+01
6.420000000000000000e+02 3.388317757009345343e-01 2.175299999999999727e+02
6.430000000000000000e+02 2.153965785381026510e-01 1.385000000000000000e+02
6.420000000000000000e+02 1.344392523364486003e-01 8.631000000000000227e+01
6.420000000000000000e+02 4.602803738317757382e-02 2.955000000000000071e+01
6.430000000000000000e+02 1.047744945567651714e-01 6.737000000000000455e+01
6.430000000000000000e+02 1.293623639191290864e-01 8.318000000000000682e+01
6.450000000000000000e+02 4.460465116279069969e-02 2.877000000000000313e+01
6.450000000000000000e+02 1.150387596899224776e-02 7.419999999999999929e+00
6.400000000000000000e+02 4.154531249999999787e-01 2.658899999999999864e+02
6.380000000000000000e+02 3.394200626959247846e-01 2.165500000000000114e+02
6.400000000000000000e+02 1.313749999999999918e-01 8.407999999999999829e+01
6.400000000000000000e+02 2.107812500000000033e-01 1.349000000000000057e+02
6.420000000000000000e+02 1.071495327102803818e-01 6.879000000000000625e+01
6.400000000000000000e+02 8.162499999999998923e-02 5.223999999999999488e+01
6.350000000000000000e+02 5.954330708661416394e-02 3.780999999999999517e+01
6.390000000000000000e+02 2.636306729264475956e-01 1.684600000000000080e+02
6.410000000000000000e+02 1.068954758190327758e-01 6.852000000000001023e+01
6.390000000000000000e+02 5.998435054773082475e-02 3.832999999999999829e+01
6.360000000000000000e+02 9.904088050314466263e-02 6.299000000000000199e+01
6.320000000000000000e+02 2.049525316455696189e-01 1.295300000000000011e+02
6.360000000000000000e+02 9.341194968553459543e-02 5.941000000000000369e+01
6.360000000000000000e+02 1.652201257861635186e-01 1.050799999999999983e+02
6.370000000000000000e+02 6.472527472527472847e-02 4.123000000000000398e+01
6.350000000000000000e+02 4.691338582677165997e-02 2.979000000000000270e+01
6.400000000000000000e+02 1.222187500000000010e-01 7.821999999999999886e+01
6.440000000000000000e+02 2.411490683229813858e-01 1.553000000000000114e+02
6.440000000000000000e+02 1.210248447204968908e-01 7.793999999999999773e+01
6.450000000000000000e+02 1.140465116279069518e-01 7.355999999999998806e+01
6.410000000000000000e+02 1.017940717628705166e-01 6.525000000000000000e+01
6.410000000000000000e+02 2.487987519500780009e-01 1.594799999999999898e+02
6.390000000000000000e+02 2.214553990610328427e-01 1.415099999999999909e+02
6.390000000000000000e+02 1.785602503912363248e-02 1.141000000000000014e+01
6.400000000000000000e+02 1.225937499999999875e-01 7.845999999999999375e+01
6.360000000000000000e+02 1.708647798742138069e-01 1.086699999999999875e+02
6.370000000000000000e+02 4.202511773940345585e-02 2.676999999999999957e+01
6.400000000000000000e+02 1.142656249999999957e-01 7.312999999999999545e+01
6.400000000000000000e+02 3.275000000000000133e-02 2.096000000000000085e+01
6.400000000000000000e+02 5.618749999999998745e-02 3.595999999999999375e+01
6.410000000000000000e+02 2.593603744149766133e-01 1.662500000000000000e+02
6.400000000000000000e+02 4.054687499999999889e-01 2.595000000000000000e+02
6.360000000000000000e+02 4.419654088050314344e-01 2.810899999999999750e+02
6.320000000000000000e+02 3.114082278481012933e-01 1.968100000000000023e+02
6.340000000000000000e+02 1.002365930599369015e-01 6.354999999999999716e+01
6.340000000000000000e+02 6.769716088328076031e-02 4.292000000000000171e+01
6.290000000000000000e+02 4.111287758346581639e-02 2.585999999999999943e+01
6.300000000000000000e+02 3.944444444444444170e-02 2.484999999999999787e+01
6.320000000000000000e+02 2.025316455696202656e-03 1.280000000000000027e+00
6.300000000000000000e+02 7.488888888888887985e-02 4.717999999999999261e+01
6.310000000000000000e+02 1.706814580031696116e-01 1.077000000000000171e+02
6.310000000000000000e+02 1.710776545166402540e-01 1.079500000000000028e+02
6.270000000000000000e+02 7.133971291866028630e-02 4.472999999999999687e+01
6.270000000000000000e+02 1.121690590111642516e-01 7.032999999999998408e+01
6.290000000000000000e+02 1.347376788553259208e-01 8.475000000000000000e+01
6.320000000000000000e+02 7.495253164556961445e-02 4.736999999999999744e+01
6.290000000000000000e+02 2.413354531001589767e-02 1.517999999999999972e+01
6.270000000000000000e+02 1.515151515151515194e-02 9.500000000000000000e+00
6.290000000000000000e+02 4.720190779014307725e-02 2.968999999999999773e+01
6.250000000000000000e+02 1.294399999999999995e-01 8.090000000000000568e+01
6.270000000000000000e+02 1.110047846889952033e-01 6.959999999999999432e+01
6.280000000000000000e+02 1.015764331210191052e-01 6.378999999999999915e+01
6.260000000000000000e+02 1.294728434504792414e-01 8.104999999999999716e+01
6.280000000000000000e+02 5.528662420382166737e-02 3.472000000000000597e+01
6.280000000000000000e+02 2.253184713375796025e-02 1.414999999999999858e+01
6.260000000000000000e+02 2.395047923322683736e-01 1.499300000000000068e+02
6.270000000000000000e+02 2.108771929824560798e-01 1.322199999999999704e+02
6.310000000000000000e+02 1.670839936608557730e-01 1.054299999999999926e+02
6.270000000000000000e+02 2.434609250398723779e-01 1.526499999999999773e+02
