2.400000000000000000e+01 0.000000000000000000e+00 0.000000000000000000e+00
5.930000000000000000e+02 7.867352445193929178e+00 4.665340000000000146e+03
7.330000000000000000e+02 3.993547066848567528e+00 2.927269999999999982e+03
7.580000000000000000e+02 3.289406332453826298e+00 2.493370000000000346e+03
7.760000000000000000e+02 3.050412371134020528e+00 2.367119999999999891e+03
7.810000000000000000e+02 2.888220230473751204e+00 2.255699999999999818e+03
7.830000000000000000e+02 2.758186462324393240e+00 2.159659999999999854e+03
7.900000000000000000e+02 2.884784810126582499e+00 2.278980000000000018e+03
7.900000000000000000e+02 2.502417721518987115e+00 1.976909999999999854e+03
7.900000000000000000e+02 2.336759493670886201e+00 1.846039999999999964e+03
7.900000000000000000e+02 2.622139240506328850e+00 2.071489999999999782e+03
7.900000000000000000e+02 2.172670886075949603e+00 1.716410000000000082e+03
7.900000000000000000e+02 2.192708860759494005e+00 1.732240000000000236e+03
7.900000000000000000e+02 2.084518987341771989e+00 1.646769999999999982e+03
7.900000000000000000e+02 2.633430379746835470e+00 2.080409999999999854e+03
7.900000000000000000e+02 2.328999999999999737e+00 1.839909999999999854e+03
7.900000000000000000e+02 1.944898734177215260e+00 1.536470000000000027e+03
7.900000000000000000e+02 1.826607594936708878e+00 1.443019999999999982e+03
7.900000000000000000e+02 2.158303797468354546e+00 1.705059999999999945e+03
7.900000000000000000e+02 1.942151898734177262e+00 1.534299999999999955e+03
7.900000000000000000e+02 1.782088607594936924e+00 1.407850000000000136e+03
7.900000000000000000e+02 1.963556962025316599e+00 1.551210000000000036e+03
7.900000000000000000e+02 1.860708860759493710e+00 1.469960000000000036e+03
7.900000000000000000e+02 1.743443037974683696e+00 1.377320000000000164e+03
7.900000000000000000e+02 1.791683544303797282e+00 1.415429999999999836e+03
7.900000000000000000e+02 1.862367088607594923e+00 1.471269999999999982e+03
7.900000000000000000e+02 2.020810126582278432e+00 1.596440000000000055e+03
7.900000000000000000e+02 2.044139240506329003e+00 1.614869999999999891e+03
7.900000000000000000e+02 2.086012658227847982e+00 1.647949999999999818e+03
7.900000000000000000e+02 1.928556962025316457e+00 1.523559999999999945e+03
7.900000000000000000e+02 2.305746835443037934e+00 1.821539999999999964e+03
7.900000000000000000e+02 2.142784810126582506e+00 1.692800000000000182e+03
7.900000000000000000e+02 2.099240506329113742e+00 1.658399999999999864e+03
7.900000000000000000e+02 2.164303797468354329e+00 1.709799999999999955e+03
7.900000000000000000e+02 2.347253164556962091e+00 1.854329999999999927e+03
7.900000000000000000e+02 2.201063291139240263e+00 1.738839999999999918e+03
7.900000000000000000e+02 2.395531645569620505e+00 1.892470000000000255e+03
7.900000000000000000e+02 2.166151898734177461e+00 1.711260000000000218e+03
7.900000000000000000e+02 2.254253164556962119e+00 1.780859999999999900e+03
7.900000000000000000e+02 2.238734177215189636e+00 1.768599999999999909e+03
7.900000000000000000e+02 2.143746835443038012e+00 1.693559999999999945e+03
7.900000000000000000e+02 2.388531645569620387e+00 1.886940000000000055e+03
7.900000000000000000e+02 2.429215189873417557e+00 1.919079999999999927e+03
7.900000000000000000e+02 1.819189873417721870e+00 1.437160000000000309e+03
7.900000000000000000e+02 2.113670886075949440e+00 1.669799999999999955e+03
7.900000000000000000e+02 1.690772151898734199e+00 1.335710000000000036e+03
7.900000000000000000e+02 1.970886075949367156e+00 1.557000000000000000e+03
7.900000000000000000e+02 2.240063291139240409e+00 1.769650000000000091e+03
7.900000000000000000e+02 2.154974683544303549e+00 1.702429999999999836e+03
7.900000000000000000e+02 2.145493670886076121e+00 1.694940000000000055e+03
7.900000000000000000e+02 2.121772151898734027e+00 1.676200000000000045e+03
7.900000000000000000e+02 1.951392405063290925e+00 1.541599999999999909e+03
7.900000000000000000e+02 2.009227848101265756e+00 1.587289999999999964e+03
7.900000000000000000e+02 2.036177215189873380e+00 1.608579999999999927e+03
7.900000000000000000e+02 1.907759493670886153e+00 1.507130000000000109e+03
7.900000000000000000e+02 1.973000000000000087e+00 1.558670000000000073e+03
7.900000000000000000e+02 1.772405063291139227e+00 1.400200000000000045e+03
7.900000000000000000e+02 1.957962025316455579e+00 1.546789999999999964e+03
7.900000000000000000e+02 2.037734177215190012e+00 1.609809999999999945e+03
7.900000000000000000e+02 1.956265822784809982e+00 1.545449999999999818e+03
7.900000000000000000e+02 1.758886075949366967e+00 1.389519999999999982e+03
7.900000000000000000e+02 1.895113924050632725e+00 1.497139999999999873e+03
7.900000000000000000e+02 1.911468354430379657e+00 1.510059999999999945e+03
7.900000000000000000e+02 1.735379746835443049e+00 1.370950000000000045e+03
7.900000000000000000e+02 2.161911392405063026e+00 1.707909999999999854e+03
7.900000000000000000e+02 2.114696202531645586e+00 1.670610000000000127e+03
7.900000000000000000e+02 1.920455696202531648e+00 1.517160000000000082e+03
7.900000000000000000e+02 2.094569620253164732e+00 1.654710000000000036e+03
7.900000000000000000e+02 2.177000000000000046e+00 1.719829999999999927e+03
7.900000000000000000e+02 1.993797468354430169e+00 1.575099999999999909e+03
7.900000000000000000e+02 2.393468354430380085e+00 1.890840000000000146e+03
7.900000000000000000e+02 2.233468354430379943e+00 1.764440000000000055e+03
7.900000000000000000e+02 2.041759493670886272e+00 1.612990000000000009e+03
7.900000000000000000e+02 2.194544303797468565e+00 1.733690000000000055e+03
7.900000000000000000e+02 2.060139240506329017e+00 1.627509999999999991e+03
7.900000000000000000e+02 2.210594936708860647e+00 1.746369999999999891e+03
7.900000000000000000e+02 2.093734177215190062e+00 1.654050000000000182e+03
7.900000000000000000e+02 2.161848101265822830e+00 1.707859999999999900e+03
7.900000000000000000e+02 2.197050632911392132e+00 1.735669999999999845e+03
7.900000000000000000e+02 2.186215189873417231e+00 1.727109999999999673e+03
7.900000000000000000e+02 2.233620253164557035e+00 1.764559999999999945e+03
7.900000000000000000e+02 2.294493670886076142e+00 1.812650000000000091e+03
7.900000000000000000e+02 2.364278481012658251e+00 1.867779999999999973e+03
7.900000000000000000e+02 2.408139240506329326e+00 1.902430000000000064e+03
7.900000000000000000e+02 2.151025316455696057e+00 1.699309999999999945e+03
7.900000000000000000e+02 2.008734177215189654e+00 1.586899999999999864e+03
7.900000000000000000e+02 1.911177215189873380e+00 1.509829999999999927e+03
7.900000000000000000e+02 2.295037974683544313e+00 1.813079999999999927e+03
7.900000000000000000e+02 2.013113924050633052e+00 1.590360000000000127e+03
7.900000000000000000e+02 2.141392405063291093e+00 1.691700000000000045e+03
7.900000000000000000e+02 1.910987341772151904e+00 1.509680000000000064e+03
7.900000000000000000e+02 1.585835443037974635e+00 1.252809999999999945e+03
7.900000000000000000e+02 1.754101265822784805e+00 1.385740000000000009e+03
7.900000000000000000e+02 2.332278481012658222e+00 1.842500000000000000e+03
7.900000000000000000e+02 2.014620253164557173e+00 1.591550000000000182e+03
7.900000000000000000e+02 1.445177215189873410e+00 1.141690000000000055e+03
7.900000000000000000e+02 2.237202531645569259e+00 1.767389999999999873e+03
7.900000000000000000e+02 1.660506329113924373e+00 1.311800000000000182e+03
7.900000000000000000e+02 1.870670886075949557e+00 1.477830000000000155e+03
7.900000000000000000e+02 2.297835443037974823e+00 1.815289999999999964e+03
