8.000000000000000000e+00 0.000000000000000000e+00 0.000000000000000000e+00
1.000000000000000000e+01 1.138899999999999935e+01 1.138899999999999864e+02
1.000000000000000000e+01 4.627000000000000668e+00 4.627000000000000313e+01
1.000000000000000000e+01 3.453000000000000291e+00 3.453000000000000114e+01
1.000000000000000000e+01 7.412999999999999368e+00 7.412999999999999545e+01
1.000000000000000000e+01 7.865000000000000213e+00 7.865000000000000568e+01
1.000000000000000000e+01 7.875000000000000000e+00 7.875000000000000000e+01
1.000000000000000000e+01 7.206000000000000405e+00 7.206000000000000227e+01
1.000000000000000000e+01 7.385000000000000675e+00 7.385000000000000853e+01
1.000000000000000000e+01 8.193000000000001393e+00 8.193000000000000682e+01
1.000000000000000000e+01 5.477999999999999758e+00 5.477999999999999403e+01
1.000000000000000000e+01 4.591999999999999638e+00 4.591999999999999460e+01
1.000000000000000000e+01 5.046999999999999709e+00 5.046999999999999886e+01
1.000000000000000000e+01 5.880999999999999339e+00 5.880999999999999517e+01
1.000000000000000000e+01 6.433000000000001606e+00 6.433000000000001251e+01
1.000000000000000000e+01 5.158999999999999808e+00 5.158999999999999631e+01
1.000000000000000000e+01 5.392000000000000348e+00 5.392000000000000171e+01
1.000000000000000000e+01 8.644999999999999574e+00 8.645000000000000284e+01
1.000000000000000000e+01 3.185999999999999943e+00 3.185999999999999943e+01
1.000000000000000000e+01 5.205999999999999517e+00 5.205999999999999517e+01
1.000000000000000000e+01 1.361999999999999877e+00 1.361999999999999922e+01
1.000000000000000000e+01 5.435000000000000497e+00 5.435000000000000142e+01
1.000000000000000000e+01 5.052999999999999936e+00 5.053000000000000114e+01
1.000000000000000000e+01 4.059000000000000163e+00 4.059000000000000341e+01
1.000000000000000000e+01 3.531000000000000139e+00 3.531000000000000227e+01
1.000000000000000000e+01 3.589999999999999858e+00 3.589999999999999858e+01
1.000000000000000000e+01 2.567000000000000171e+00 2.567000000000000171e+01
1.000000000000000000e+01 3.560999999999999943e+00 3.560999999999999943e+01
1.000000000000000000e+01 4.022000000000000242e+00 4.021999999999999886e+01
1.000000000000000000e+01 5.378999999999999559e+00 5.378999999999999915e+01
1.000000000000000000e+01 2.607000000000000206e+00 2.607000000000000028e+01
1.000000000000000000e+01 8.384000000000000341e+00 8.384000000000000341e+01
1.000000000000000000e+01 5.451999999999999957e+00 5.451999999999999602e+01
1.000000000000000000e+01 2.796000000000000263e+00 2.796000000000000085e+01
1.000000000000000000e+01 6.104999999999999538e+00 6.104999999999999716e+01
1.000000000000000000e+01 4.774000000000000021e+00 4.774000000000000199e+01
1.000000000000000000e+01 4.910999999999999588e+00 4.910999999999999943e+01
1.000000000000000000e+01 4.732000000000001094e+00 4.732000000000000739e+01
1.000000000000000000e+01 6.497000000000001663e+00 6.497000000000001307e+01
1.000000000000000000e+01 8.667999999999999261e+00 8.667999999999999261e+01
1.000000000000000000e+01 4.913000000000000256e+00 4.913000000000000256e+01
1.000000000000000000e+01 1.191999999999999993e+01 1.192000000000000028e+02
1.000000000000000000e+01 9.958999999999999631e+00 9.959000000000000341e+01
1.000000000000000000e+01 7.468999999999999417e+00 7.468999999999999773e+01
1.000000000000000000e+01 8.881999999999999673e+00 8.881999999999999318e+01
1.000000000000000000e+01 7.668999999999999595e+00 7.668999999999999773e+01
1.000000000000000000e+01 8.874000000000000554e+00 8.874000000000000909e+01
1.000000000000000000e+01 6.131000000000000227e+00 6.131000000000000227e+01
1.000000000000000000e+01 8.505000000000000782e+00 8.505000000000001137e+01
1.000000000000000000e+01 7.064999999999999503e+00 7.064999999999999147e+01
1.000000000000000000e+01 4.491999999999999993e+00 4.492000000000000171e+01
1.000000000000000000e+01 6.984999999999999432e+00 6.984999999999999432e+01
1.000000000000000000e+01 1.004999999999999893e+00 1.004999999999999893e+01
1.000000000000000000e+01 1.213999999999999968e+00 1.214000000000000057e+01
1.000000000000000000e+01 8.464999999999999858e+00 8.465000000000000568e+01
1.000000000000000000e+01 6.668999999999999595e+00 6.668999999999999773e+01
1.000000000000000000e+01 8.587999999999999190e+00 8.587999999999999545e+01
1.000000000000000000e+01 6.314000000000000057e+00 6.314000000000000057e+01
1.000000000000000000e+01 5.927999999999999936e+00 5.928000000000000114e+01
1.000000000000000000e+01 5.895999999999999908e+00 5.896000000000000085e+01
1.000000000000000000e+01 3.257000000000000117e+00 3.257000000000000028e+01
1.000000000000000000e+01 8.556000000000000938e+00 8.556000000000000227e+01
1.000000000000000000e+01 5.753999999999999559e+00 5.753999999999999915e+01
1.000000000000000000e+01 2.770999999999999908e+00 2.771000000000000085e+01
1.000000000000000000e+01 6.668000000000001037e+00 6.668000000000000682e+01
1.000000000000000000e+01 6.195999999999999730e+00 6.196000000000000085e+01
1.000000000000000000e+01 2.411000000000000032e+00 2.410999999999999943e+01
1.000000000000000000e+01 5.443999999999999950e+00 5.443999999999999773e+01
1.000000000000000000e+01 7.709000000000000519e+00 7.709000000000000341e+01
1.000000000000000000e+01 6.038999999999999702e+00 6.038999999999999346e+01
1.000000000000000000e+01 6.684999999999999609e+00 6.684999999999999432e+01
1.000000000000000000e+01 5.333999999999999631e+00 5.333999999999999631e+01
1.000000000000000000e+01 3.423000000000000487e+00 3.423000000000000398e+01
1.000000000000000000e+01 1.515000000000000124e+00 1.515000000000000036e+01
1.000000000000000000e+01 6.758000000000000007e+00 6.757999999999999829e+01
1.000000000000000000e+01 5.812000000000000277e+00 5.812000000000000455e+01
1.000000000000000000e+01 9.752999999999998337e+00 9.752999999999998693e+01
1.000000000000000000e+01 5.996999999999999886e+00 5.996999999999999886e+01
1.000000000000000000e+01 4.232000000000000206e+00 4.232000000000000028e+01
1.000000000000000000e+01 2.966000000000000192e+00 2.966000000000000014e+01
1.000000000000000000e+01 2.043999999999999595e+00 2.043999999999999773e+01
1.000000000000000000e+01 4.897000000000000242e+00 4.896999999999999886e+01
1.000000000000000000e+01 5.221999999999999531e+00 5.221999999999999886e+01
1.000000000000000000e+01 6.125000000000000000e+00 6.125000000000000000e+01
1.000000000000000000e+01 5.206999999999999851e+00 5.207000000000000028e+01
1.000000000000000000e+01 1.004700000000000060e+01 1.004699999999999989e+02
1.000000000000000000e+01 2.862000000000000099e+00 2.862000000000000099e+01
1.000000000000000000e+01 3.357999999999999652e+00 3.357999999999999829e+01
1.000000000000000000e+01 9.118999999999999773e+00 9.118999999999999773e+01
1.000000000000000000e+01 5.113000000000000433e+00 5.113000000000000256e+01
1.000000000000000000e+01 3.743999999999999773e+00 3.743999999999999773e+01
1.000000000000000000e+01 6.177999999999999936e+00 6.178000000000000114e+01
1.000000000000000000e+01 2.641000000000000014e+00 2.641000000000000014e+01
1.000000000000000000e+01 4.329999999999999960e-01 4.330000000000000071e+00
1.000000000000000000e+01 5.476999999999999424e+00 5.476999999999999602e+01
1.000000000000000000e+01 7.492999999999999439e+00 7.492999999999999261e+01
1.000000000000000000e+01 7.864999999999999325e+00 7.864999999999999147e+01
1.000000000000000000e+01 5.020000000000000462e+00 5.020000000000000284e+01
1.000000000000000000e+01 7.126000000000000334e+00 7.126000000000000512e+01
1.000000000000000000e+01 6.778000000000000469e+00 6.778000000000000114e+01
