2.400000000000000000e+01 0.000000000000000000e+00 0.000000000000000000e+00
9.900000000000000000e+01 9.523636363636363455e+00 9.428399999999999181e+02
9.900000000000000000e+01 7.432020202020201971e+00 7.357699999999999818e+02
9.900000000000000000e+01 6.118080808080808453e+00 6.056900000000000546e+02
9.900000000000000000e+01 5.963535353535354133e+00 5.903900000000001000e+02
9.900000000000000000e+01 4.545252525252525544e+00 4.499800000000000182e+02
9.900000000000000000e+01 3.693131313131312599e+00 3.656199999999999477e+02
9.900000000000000000e+01 4.491818181818182154e+00 4.446899999999999977e+02
9.900000000000000000e+01 6.102727272727272556e+00 6.041699999999999591e+02
9.900000000000000000e+01 5.641010101010100364e+00 5.584599999999999227e+02
9.900000000000000000e+01 4.073939393939394193e+00 4.033199999999999932e+02
9.900000000000000000e+01 4.459393939393939910e+00 4.414800000000000182e+02
9.900000000000000000e+01 2.758181818181818290e+00 2.730600000000000023e+02
9.900000000000000000e+01 1.833838383838384045e+00 1.815500000000000114e+02
9.900000000000000000e+01 3.301212121212121264e+00 3.268199999999999932e+02
9.900000000000000000e+01 2.973838383838384836e+00 2.944100000000000819e+02
9.900000000000000000e+01 3.847272727272727177e+00 3.808799999999999955e+02
9.900000000000000000e+01 3.604040404040403711e+00 3.567999999999999545e+02
9.900000000000000000e+01 2.187070707070706721e+00 2.165199999999999818e+02
9.900000000000000000e+01 1.985454545454545583e+00 1.965600000000000023e+02
9.900000000000000000e+01 1.138383838383838498e+00 1.127000000000000028e+02
9.900000000000000000e+01 1.773030303030302957e+00 1.755300000000000011e+02
9.900000000000000000e+01 2.531212121212121247e+00 2.505900000000000034e+02
9.900000000000000000e+01 1.586363636363636420e+00 1.570500000000000114e+02
9.900000000000000000e+01 1.314646464646464619e+00 1.301500000000000057e+02
9.900000000000000000e+01 5.493939393939394344e-01 5.439000000000000057e+01
9.900000000000000000e+01 2.616161616161615799e-01 2.589999999999999858e+01
9.900000000000000000e+01 2.034343434343434398e-01 2.014000000000000057e+01
9.900000000000000000e+01 2.688787878787878061e+00 2.661899999999999409e+02
9.900000000000000000e+01 3.987373737373737459e+00 3.947500000000000000e+02
9.900000000000000000e+01 3.482323232323232265e+00 3.447500000000000000e+02
9.900000000000000000e+01 3.258686868686868632e+00 3.226100000000000136e+02
9.900000000000000000e+01 1.482121212121212395e+00 1.467300000000000182e+02
9.900000000000000000e+01 9.649494949494950014e-01 9.553000000000000114e+01
9.900000000000000000e+01 1.842323232323232141e+00 1.823899999999999864e+02
9.900000000000000000e+01 6.142424242424241454e-01 6.080999999999999517e+01
9.900000000000000000e+01 3.832323232323232021e-01 3.793999999999999773e+01
9.900000000000000000e+01 1.990202020202020305e+00 1.970300000000000011e+02
9.900000000000000000e+01 1.417575757575757711e+00 1.403400000000000034e+02
9.900000000000000000e+01 1.420000000000000151e+00 1.405800000000000125e+02
9.900000000000000000e+01 7.558585858585858963e-01 7.482999999999999829e+01
9.900000000000000000e+01 1.474747474747474696e+00 1.460000000000000000e+02
9.900000000000000000e+01 6.404040404040404200e-01 6.340000000000000568e+01
9.900000000000000000e+01 2.736363636363636220e-01 2.708999999999999631e+01
9.700000000000000000e+01 6.558762886597937491e-01 6.361999999999999744e+01
9.700000000000000000e+01 4.786597938144329101e-01 4.642999999999999261e+01
9.900000000000000000e+01 7.380808080808080041e-01 7.306999999999999318e+01
9.900000000000000000e+01 4.992929292929293439e-01 4.943000000000000682e+01
9.900000000000000000e+01 9.214141414141413522e-01 9.121999999999999886e+01
9.900000000000000000e+01 1.547373737373737290e+00 1.531899999999999977e+02
9.900000000000000000e+01 3.138787878787878682e+00 3.107400000000000091e+02
9.900000000000000000e+01 1.993535353535353494e+00 1.973599999999999852e+02
9.900000000000000000e+01 1.696161616161616426e+00 1.679200000000000159e+02
9.900000000000000000e+01 5.955555555555555047e-01 5.895999999999999375e+01
9.700000000000000000e+01 9.814432989690722309e-01 9.520000000000000284e+01
9.700000000000000000e+01 7.855670103092782242e-01 7.619999999999998863e+01
9.900000000000000000e+01 4.936363636363636509e+00 4.886999999999999886e+02
9.900000000000000000e+01 2.096868686868686549e+00 2.075899999999999750e+02
9.900000000000000000e+01 2.027474747474747652e+00 2.007200000000000273e+02
9.900000000000000000e+01 1.298484848484848575e+00 1.285500000000000114e+02
9.900000000000000000e+01 4.806060606060605922e-01 4.757999999999999829e+01
9.900000000000000000e+01 1.346262626262626050e+00 1.332799999999999727e+02
9.900000000000000000e+01 1.938888888888888884e+00 1.919499999999999886e+02
9.800000000000000000e+01 1.117448979591836533e+00 1.095099999999999909e+02
9.800000000000000000e+01 7.283673469387754729e-01 7.137999999999999545e+01
9.900000000000000000e+01 2.145555555555555660e+00 2.124099999999999966e+02
9.900000000000000000e+01 1.347373737373737335e+00 1.333899999999999864e+02
9.900000000000000000e+01 7.679797979797979846e-01 7.603000000000000114e+01
9.900000000000000000e+01 3.366464646464646382e+00 3.332799999999999727e+02
9.900000000000000000e+01 1.896868686868686815e+00 1.877899999999999920e+02
9.900000000000000000e+01 1.415050505050505114e+00 1.400900000000000034e+02
9.900000000000000000e+01 1.775555555555555554e+00 1.757800000000000011e+02
9.900000000000000000e+01 7.338383838383838453e-01 7.265000000000000568e+01
9.900000000000000000e+01 3.789898989898989323e-01 3.751999999999999602e+01
9.900000000000000000e+01 2.537979797979798224e+00 2.512600000000000193e+02
9.900000000000000000e+01 2.343535353535353583e+00 2.320099999999999909e+02
9.900000000000000000e+01 2.335959595959595791e+00 2.312599999999999909e+02
9.900000000000000000e+01 3.138181818181818183e+00 3.106800000000000068e+02
9.900000000000000000e+01 3.387070707070706455e+00 3.353199999999999363e+02
9.900000000000000000e+01 2.884343434343434431e+00 2.855500000000000114e+02
9.900000000000000000e+01 1.692626262626262479e+00 1.675699999999999932e+02
9.900000000000000000e+01 1.953535353535353902e+00 1.934000000000000341e+02
9.900000000000000000e+01 1.407070707070707138e+00 1.393000000000000114e+02
9.900000000000000000e+01 1.080606060606060570e+00 1.069799999999999898e+02
9.900000000000000000e+01 3.887878787878787934e-01 3.849000000000000199e+01
9.900000000000000000e+01 5.180808080808080307e-01 5.128999999999999915e+01
9.800000000000000000e+01 6.927551020408163618e-01 6.789000000000000057e+01
9.900000000000000000e+01 1.142424242424242287e-01 1.130999999999999872e+01
9.900000000000000000e+01 3.878787878787878785e-01 3.839999999999999858e+01
9.900000000000000000e+01 4.491919191919192533e-01 4.447000000000000597e+01
9.900000000000000000e+01 0.000000000000000000e+00 0.000000000000000000e+00
9.900000000000000000e+01 1.388888888888888951e-01 1.375000000000000000e+01
9.900000000000000000e+01 1.052626262626262799e+00 1.042100000000000080e+02
9.900000000000000000e+01 7.982828282828282607e-01 7.903000000000000114e+01
9.900000000000000000e+01 9.891919191919192889e-01 9.793000000000000682e+01
9.900000000000000000e+01 9.469696969696971278e-01 9.375000000000001421e+01
9.800000000000000000e+01 5.351020408163265074e-01 5.243999999999999773e+01
9.800000000000000000e+01 2.982653061224489477e-01 2.922999999999999687e+01
9.900000000000000000e+01 9.000000000000001332e-01 8.910000000000000853e+01
9.900000000000000000e+01 1.896464646464646853e+00 1.877500000000000284e+02
