2.400000000000000000e+01 0.000000000000000000e+00 0.000000000000000000e+00
5.290000000000000000e+02 3.873024574669186926e+00 2.048829999999999927e+03
6.520000000000000000e+02 9.294631901840491039e-01 6.060099999999999909e+02
6.640000000000000000e+02 9.788253012048193646e-01 6.499400000000000546e+02
6.800000000000000000e+02 1.010764705882353010e+00 6.873200000000000500e+02
6.890000000000000000e+02 6.068940493468795161e-01 4.181499999999999773e+02
6.900000000000000000e+02 4.014637681159420324e-01 2.770099999999999909e+02
6.930000000000000000e+02 4.777200577200577114e-01 3.310600000000000023e+02
6.930000000000000000e+02 8.096969696969696928e-01 5.611200000000000045e+02
6.940000000000000000e+02 9.593371757925072130e-01 6.657799999999999727e+02
6.940000000000000000e+02 5.039048991354466711e-01 3.497099999999999795e+02
7.030000000000000000e+02 9.924608819345660804e-02 6.976999999999999602e+01
7.030000000000000000e+02 2.552916073968705679e-01 1.794700000000000273e+02
7.020000000000000000e+02 5.469088319088318828e-01 3.839300000000000068e+02
7.040000000000000000e+02 2.357954545454545581e-01 1.660000000000000000e+02
7.130000000000000000e+02 3.920476858345020577e-01 2.795299999999999727e+02
7.140000000000000000e+02 4.836274509803921706e-01 3.453100000000000023e+02
7.160000000000000000e+02 7.236033519553072835e-02 5.181000000000000227e+01
7.150000000000000000e+02 2.393146853146853326e-01 1.711100000000000136e+02
7.150000000000000000e+02 1.295244755244754908e-01 9.260999999999998522e+01
7.120000000000000000e+02 1.431741573033707970e-01 1.019399999999999977e+02
7.090000000000000000e+02 7.205923836389281634e-02 5.109000000000000341e+01
7.090000000000000000e+02 2.459097320169252865e-01 1.743500000000000227e+02
7.090000000000000000e+02 2.749224259520451352e-01 1.949200000000000159e+02
7.100000000000000000e+02 1.449436619718310060e-01 1.029100000000000108e+02
7.100000000000000000e+02 1.674084507042253311e-01 1.188599999999999852e+02
7.140000000000000000e+02 1.774229691876750559e-01 1.266799999999999926e+02
7.110000000000000000e+02 1.975527426160337552e-01 1.404600000000000080e+02
7.120000000000000000e+02 1.583005617977528146e-01 1.127100000000000080e+02
7.130000000000000000e+02 1.584291725105189119e-01 1.129599999999999937e+02
7.090000000000000000e+02 1.517912552891396427e-01 1.076200000000000045e+02
7.140000000000000000e+02 7.550420168067227544e-02 5.391000000000000369e+01
7.150000000000000000e+02 4.229230769230769571e-01 3.023900000000000432e+02
7.070000000000000000e+02 3.036916548797736759e-01 2.147099999999999795e+02
7.070000000000000000e+02 1.280198019801980225e-01 9.051000000000000512e+01
7.070000000000000000e+02 4.429985855728429955e-02 3.132000000000000028e+01
7.120000000000000000e+02 1.361938202247190977e-01 9.696999999999999886e+01
7.110000000000000000e+02 1.077918424753867843e-01 7.664000000000000057e+01
7.120000000000000000e+02 3.707162921348314266e-01 2.639499999999999886e+02
7.150000000000000000e+02 2.047272727272727300e-01 1.463799999999999955e+02
7.160000000000000000e+02 1.030167597765363208e-01 7.376000000000000512e+01
7.160000000000000000e+02 1.593575418994413462e-01 1.141000000000000085e+02
7.160000000000000000e+02 2.717318435754190187e-01 1.945600000000000023e+02
7.170000000000000000e+02 1.261645746164574700e-01 9.046000000000000796e+01
7.170000000000000000e+02 2.097350069735006983e-01 1.503799999999999955e+02
7.170000000000000000e+02 1.180195258019525600e-01 8.461999999999999034e+01
7.140000000000000000e+02 2.914565826330531989e-02 2.080999999999999872e+01
7.130000000000000000e+02 1.794950911640953717e-01 1.279800000000000040e+02
7.100000000000000000e+02 1.001971830985915468e-01 7.114000000000000057e+01
7.140000000000000000e+02 1.656722689075630361e-01 1.182900000000000063e+02
7.160000000000000000e+02 2.907681564245809813e-01 2.081899999999999977e+02
7.170000000000000000e+02 2.459972105997210445e-01 1.763799999999999955e+02
7.160000000000000000e+02 9.875698324022347263e-02 7.071000000000000796e+01
7.170000000000000000e+02 9.782426778242678256e-02 7.014000000000000057e+01
7.160000000000000000e+02 3.993016759776536057e-02 2.858999999999999986e+01
7.120000000000000000e+02 2.267415730337078716e-01 1.614399999999999977e+02
7.140000000000000000e+02 1.332212885154061555e-01 9.512000000000000455e+01
7.160000000000000000e+02 1.214106145251396679e-01 8.693000000000000682e+01
7.150000000000000000e+02 4.521678321678321288e-02 3.232999999999999829e+01
7.150000000000000000e+02 1.641258741258741216e-01 1.173499999999999943e+02
7.150000000000000000e+02 1.040979020979021091e-01 7.443000000000000682e+01
7.150000000000000000e+02 1.121538461538461456e-01 8.018999999999999773e+01
7.180000000000000000e+02 5.581476323119777261e-01 4.007500000000000000e+02
7.190000000000000000e+02 5.051460361613352434e-01 3.632000000000000455e+02
7.180000000000000000e+02 1.732590529247910738e-01 1.243999999999999915e+02
7.180000000000000000e+02 1.486768802228412290e-01 1.067500000000000000e+02
7.180000000000000000e+02 5.987465181058495428e-02 4.298999999999999488e+01
7.150000000000000000e+02 1.870349650349650561e-01 1.337300000000000182e+02
7.160000000000000000e+02 1.976396648044692617e-01 1.415099999999999909e+02
7.150000000000000000e+02 6.836363636363636254e-02 4.887999999999999545e+01
7.130000000000000000e+02 4.032258064516128920e-02 2.875000000000000000e+01
7.120000000000000000e+02 7.786516853932584636e-02 5.543999999999999773e+01
7.100000000000000000e+02 3.043098591549295850e-01 2.160600000000000023e+02
7.100000000000000000e+02 4.764788732394366622e-01 3.383000000000000114e+02
7.130000000000000000e+02 9.506872370266480354e-01 6.778400000000000318e+02
7.160000000000000000e+02 5.348463687150837309e-01 3.829499999999999886e+02
7.180000000000000000e+02 9.090529247910862642e-02 6.526999999999999602e+01
7.170000000000000000e+02 1.373640167364016396e-01 9.848999999999998067e+01
7.170000000000000000e+02 1.020641562064156099e-01 7.317999999999999261e+01
7.190000000000000000e+02 2.368567454798331182e-02 1.703000000000000114e+01
7.160000000000000000e+02 1.095810055865921728e-01 7.845999999999999375e+01
7.160000000000000000e+02 1.064804469273743087e-01 7.624000000000000909e+01
7.150000000000000000e+02 1.111748251748251731e-01 7.948999999999999488e+01
7.190000000000000000e+02 2.658414464534075150e-01 1.911399999999999864e+02
7.210000000000000000e+02 1.029819694868238517e-01 7.425000000000000000e+01
7.200000000000000000e+02 1.631249999999999922e-01 1.174499999999999886e+02
7.190000000000000000e+02 1.054659248956884704e-01 7.583000000000001251e+01
7.210000000000000000e+02 3.540915395284327527e-02 2.553000000000000114e+01
7.220000000000000000e+02 6.024930747922437740e-02 4.350000000000000000e+01
7.200000000000000000e+02 5.608333333333332532e-02 4.037999999999999545e+01
7.160000000000000000e+02 6.569832402234636326e-02 4.703999999999999204e+01
7.200000000000000000e+02 1.254999999999999727e-01 9.035999999999998522e+01
7.210000000000000000e+02 2.958391123439667314e-02 2.133000000000000185e+01
7.190000000000000000e+02 7.856745479833100732e-02 5.648999999999999488e+01
7.210000000000000000e+02 1.891816920943134583e-02 1.364000000000000057e+01
7.190000000000000000e+02 8.187760778859527744e-02 5.887000000000000455e+01
7.170000000000000000e+02 1.426080892608089234e-01 1.022500000000000000e+02
7.170000000000000000e+02 1.762482566248256555e-01 1.263700000000000045e+02
7.210000000000000000e+02 1.534257975034674093e-01 1.106200000000000045e+02
7.210000000000000000e+02 2.754507628294036378e-02 1.986000000000000298e+01
