2.200000000000000000e+01 0.000000000000000000e+00 0.000000000000000000e+00
4.900000000000000000e+01 1.062285714285714278e+01 5.205199999999999818e+02
4.900000000000000000e+01 7.795510204081634420e+00 3.819800000000000750e+02
4.900000000000000000e+01 5.688163265306122263e+00 2.787199999999999704e+02
4.900000000000000000e+01 7.741224489795918373e+00 3.793199999999999932e+02
4.900000000000000000e+01 4.787959183673469177e+00 2.346099999999999852e+02
4.900000000000000000e+01 3.973061224489796039e+00 1.946800000000000068e+02
4.900000000000000000e+01 5.460204081632651807e+00 2.675499999999999545e+02
4.900000000000000000e+01 5.603469387755102282e+00 2.745699999999999932e+02
4.900000000000000000e+01 5.229387755102041346e+00 2.562400000000000091e+02
4.900000000000000000e+01 3.161428571428571477e+00 1.549099999999999966e+02
4.900000000000000000e+01 5.360612244897958512e+00 2.626699999999999591e+02
4.900000000000000000e+01 4.221020408163265181e+00 2.068299999999999841e+02
4.900000000000000000e+01 2.004081632653060829e+00 9.819999999999998863e+01
4.900000000000000000e+01 4.834081632653060900e+00 2.368700000000000045e+02
4.900000000000000000e+01 3.961632653061224474e+00 1.941200000000000045e+02
4.900000000000000000e+01 5.237755102040815736e+00 2.566499999999999773e+02
4.900000000000000000e+01 3.538163265306122351e+00 1.733700000000000045e+02
4.900000000000000000e+01 3.094285714285714306e+00 1.516200000000000045e+02
4.900000000000000000e+01 3.489387755102040689e+00 1.709799999999999898e+02
4.900000000000000000e+01 1.329795918367346896e+00 6.515999999999999659e+01
4.900000000000000000e+01 4.735306122448979416e+00 2.320300000000000011e+02
4.900000000000000000e+01 4.240408163265306563e+00 2.077800000000000296e+02
4.900000000000000000e+01 3.400000000000000355e+00 1.666000000000000227e+02
4.900000000000000000e+01 4.069183673469387585e+00 1.993899999999999864e+02
4.900000000000000000e+01 3.682653061224490099e+00 1.804500000000000171e+02
4.900000000000000000e+01 3.016734693877551443e+00 1.478200000000000216e+02
4.900000000000000000e+01 3.084081632653061344e+00 1.511200000000000045e+02
4.900000000000000000e+01 4.576122448979591972e+00 2.242299999999999898e+02
4.900000000000000000e+01 3.414897959183673226e+00 1.673299999999999841e+02
4.900000000000000000e+01 3.258979591836734802e+00 1.596899999999999977e+02
4.900000000000000000e+01 4.154897959183673883e+00 2.035900000000000034e+02
4.900000000000000000e+01 3.045102040816326294e+00 1.492099999999999795e+02
4.900000000000000000e+01 1.741428571428571770e+00 8.533000000000001251e+01
4.900000000000000000e+01 3.074285714285713844e+00 1.506399999999999864e+02
4.900000000000000000e+01 1.634081632653061389e+00 8.007000000000000739e+01
4.900000000000000000e+01 1.889795918367346728e+00 9.259999999999999432e+01
4.900000000000000000e+01 1.668367346938775420e+00 8.175000000000000000e+01
4.900000000000000000e+01 1.584693877551020424e+00 7.765000000000000568e+01
4.900000000000000000e+01 2.092448979591836622e+00 1.025300000000000011e+02
4.900000000000000000e+01 3.428571428571428742e-02 1.680000000000000160e+00
4.900000000000000000e+01 2.153673469387755279e+00 1.055300000000000011e+02
4.900000000000000000e+01 1.553469387755102238e+00 7.612000000000000455e+01
4.900000000000000000e+01 1.561020408163265261e+00 7.648999999999999488e+01
4.900000000000000000e+01 2.491020408163265198e+00 1.220600000000000023e+02
4.900000000000000000e+01 6.832653061224490676e-01 3.348000000000000398e+01
4.900000000000000000e+01 1.105714285714285872e+00 5.418000000000000682e+01
4.900000000000000000e+01 1.798163265306122360e+00 8.810999999999999943e+01
4.900000000000000000e+01 2.726326530612245058e+00 1.335900000000000034e+02
4.900000000000000000e+01 2.068775510204081680e+00 1.013700000000000045e+02
4.900000000000000000e+01 1.650612244897958991e+00 8.087999999999999545e+01
4.900000000000000000e+01 1.495918367346938727e+00 7.329999999999999716e+01
4.900000000000000000e+01 1.345714285714285641e+00 6.593999999999999773e+01
4.900000000000000000e+01 1.018163265306122556e+00 4.989000000000000057e+01
4.900000000000000000e+01 1.589999999999999858e+00 7.790999999999999659e+01
4.900000000000000000e+01 1.370612244897959187e+00 6.715999999999999659e+01
4.900000000000000000e+01 1.471632653061224483e+00 7.210999999999999943e+01
4.900000000000000000e+01 8.781632653061223204e-01 4.302999999999999403e+01
4.900000000000000000e+01 9.967346938775510923e-01 4.884000000000000341e+01
4.900000000000000000e+01 1.597142857142856975e+00 7.825999999999999091e+01
4.900000000000000000e+01 2.255102040816326647e-01 1.105000000000000071e+01
4.900000000000000000e+01 2.939183673469388136e+00 1.440200000000000102e+02
4.900000000000000000e+01 2.641020408163265998e+00 1.294100000000000250e+02
4.900000000000000000e+01 1.712244897959183776e+00 8.390000000000000568e+01
4.900000000000000000e+01 1.783061224489796093e+00 8.737000000000000455e+01
4.900000000000000000e+01 2.296938775510203978e+00 1.125499999999999972e+02
4.900000000000000000e+01 1.674897959183673679e+00 8.207000000000000739e+01
4.900000000000000000e+01 8.818367346938775775e-01 4.321000000000000085e+01
4.900000000000000000e+01 3.131224489795918497e+00 1.534300000000000068e+02
4.900000000000000000e+01 2.671836734693877169e+00 1.309199999999999875e+02
4.900000000000000000e+01 1.580204081632653246e+00 7.743000000000000682e+01
4.900000000000000000e+01 1.785510204081632857e+00 8.749000000000000909e+01
4.900000000000000000e+01 8.179591836734693144e-01 4.007999999999999829e+01
4.900000000000000000e+01 5.316326530612244250e-01 2.604999999999999716e+01
4.900000000000000000e+01 3.051428571428571157e+00 1.495199999999999818e+02
4.900000000000000000e+01 2.271836734693877258e+00 1.113199999999999932e+02
4.900000000000000000e+01 1.420612244897959231e+00 6.960999999999999943e+01
4.900000000000000000e+01 1.039387755102040733e+00 5.092999999999999972e+01
4.900000000000000000e+01 1.222040816326530610e+00 5.987999999999999545e+01
4.900000000000000000e+01 1.453061224489796022e+00 7.120000000000000284e+01
4.900000000000000000e+01 5.824489795918367241e-01 2.853999999999999915e+01
4.900000000000000000e+01 2.478979591836734553e+00 1.214699999999999989e+02
4.900000000000000000e+01 1.819387755102040982e+00 8.915000000000000568e+01
4.900000000000000000e+01 1.829795918367346896e+00 8.965999999999999659e+01
4.900000000000000000e+01 6.483673469387756239e-01 3.177000000000000313e+01
4.900000000000000000e+01 1.182653061224489877e+00 5.795000000000000284e+01
4.900000000000000000e+01 2.222857142857142421e+00 1.089199999999999875e+02
4.900000000000000000e+01 5.640816326530612157e-01 2.764000000000000057e+01
4.900000000000000000e+01 7.324489795918367463e-01 3.589000000000000057e+01
4.900000000000000000e+01 1.223673469387755119e+00 5.996000000000000085e+01
4.900000000000000000e+01 1.499591836734693873e+00 7.348000000000000398e+01
4.900000000000000000e+01 9.306122448979593509e-01 4.560000000000000853e+01
4.900000000000000000e+01 4.559183673469388576e-01 2.234000000000000341e+01
4.800000000000000000e+01 1.306249999999999911e+00 6.269999999999999574e+01
4.800000000000000000e+01 1.056041666666666767e+00 5.069000000000000483e+01
4.900000000000000000e+01 1.261020408163265216e+00 6.178999999999999915e+01
4.900000000000000000e+01 1.723265306122448992e+00 8.443999999999999773e+01
4.900000000000000000e+01 1.421428571428571486e+00 6.965000000000000568e+01
4.900000000000000000e+01 1.729999999999999982e+00 8.476999999999999602e+01
4.900000000000000000e+01 1.602448979591836853e+00 7.852000000000001023e+01
