2.400000000000000000e+01 0.000000000000000000e+00 0.000000000000000000e+00
4.800000000000000000e+02 3.316166666666666707e+00 1.591759999999999991e+03
5.200000000000000000e+02 2.174576923076922963e+00 1.130779999999999973e+03
5.350000000000000000e+02 1.895196261682242866e+00 1.013929999999999950e+03
5.430000000000000000e+02 1.732025782688766169e+00 9.404900000000000091e+02
5.490000000000000000e+02 1.081584699453551845e+00 5.937899999999999636e+02
5.640000000000000000e+02 1.199574468085106371e+00 6.765599999999999454e+02
5.680000000000000000e+02 1.017411971830986195e+00 5.778900000000001000e+02
5.680000000000000000e+02 2.276760563380281488e-01 1.293199999999999932e+02
5.680000000000000000e+02 6.250000000000000347e-03 3.550000000000000266e+00
5.680000000000000000e+02 1.528873239436619735e-01 8.684000000000000341e+01
5.670000000000000000e+02 4.445855379188712875e-01 2.520800000000000125e+02
5.660000000000000000e+02 5.896643109540635752e-01 3.337500000000000000e+02
5.660000000000000000e+02 5.877385159010599658e-01 3.326599999999999682e+02
5.710000000000000000e+02 4.403327495621716658e-01 2.514300000000000068e+02
5.840000000000000000e+02 2.972089041095890560e-01 1.735699999999999932e+02
5.830000000000000000e+02 8.787307032590049860e-02 5.122999999999998977e+01
5.850000000000000000e+02 1.596068376068376093e-01 9.337000000000000455e+01
5.830000000000000000e+02 6.351629502572898878e-02 3.703000000000000114e+01
5.810000000000000000e+02 9.490533562822719982e-02 5.514000000000000057e+01
5.820000000000000000e+02 3.788487972508591262e-01 2.204900000000000091e+02
5.850000000000000000e+02 2.778974358974358738e-01 1.625699999999999932e+02
5.870000000000000000e+02 8.374787052810901689e-02 4.915999999999999659e+01
5.850000000000000000e+02 1.172649572649572640e-02 6.860000000000000320e+00
5.820000000000000000e+02 7.525773195876288291e-02 4.379999999999999716e+01
5.790000000000000000e+02 1.396718480138169349e-01 8.087000000000000455e+01
5.800000000000000000e+02 4.367068965517240664e-01 2.532899999999999636e+02
5.840000000000000000e+02 1.827226027397260144e-01 1.067099999999999937e+02
5.850000000000000000e+02 3.558632478632478557e-01 2.081800000000000068e+02
5.860000000000000000e+02 7.388737201365187524e-01 4.329800000000000182e+02
5.900000000000000000e+02 7.153898305084746001e-01 4.220799999999999841e+02
5.900000000000000000e+02 3.207457627118644461e-01 1.892400000000000091e+02
5.910000000000000000e+02 3.681895093062605151e-02 2.175999999999999801e+01
5.900000000000000000e+02 3.238983050847457634e-02 1.910999999999999943e+01
5.860000000000000000e+02 1.486006825938566422e-01 8.707999999999999829e+01
5.840000000000000000e+02 5.046575342465753344e-01 2.947199999999999704e+02
5.870000000000000000e+02 1.985519591141396978e-01 1.165499999999999972e+02
5.890000000000000000e+02 1.258743633276740437e-01 7.414000000000001478e+01
5.890000000000000000e+02 7.991511035653652006e-02 4.707000000000000739e+01
5.850000000000000000e+02 2.637435897435897458e-01 1.542899999999999920e+02
5.890000000000000000e+02 1.220882852292020371e-01 7.190999999999999659e+01
5.910000000000000000e+02 3.556345177664974599e-01 2.101800000000000068e+02
5.900000000000000000e+02 1.645762711864406924e-02 9.710000000000000853e+00
5.900000000000000000e+02 5.989830508474577181e-02 3.534000000000000341e+01
5.870000000000000000e+02 2.709880749574105629e-01 1.590699999999999932e+02
5.880000000000000000e+02 2.259353741496598622e-01 1.328499999999999943e+02
5.900000000000000000e+02 2.386949152542372499e-01 1.408299999999999841e+02
5.900000000000000000e+02 1.751864406779660988e-01 1.033599999999999994e+02
5.910000000000000000e+02 6.713874788494077483e-01 3.967899999999999636e+02
5.850000000000000000e+02 1.776410256410256572e-01 1.039200000000000017e+02
5.870000000000000000e+02 6.933560477001703831e-03 4.070000000000000284e+00
5.870000000000000000e+02 9.632027257240202700e-02 5.653999999999999204e+01
5.860000000000000000e+02 1.553071672354948696e-01 9.100999999999999091e+01
5.820000000000000000e+02 2.350343642611684158e-01 1.367900000000000205e+02
5.880000000000000000e+02 2.775510204081632626e-01 1.631999999999999886e+02
5.900000000000000000e+02 1.420508474576271107e-01 8.381000000000000227e+01
5.880000000000000000e+02 2.486224489795918202e-01 1.461899999999999977e+02
5.880000000000000000e+02 1.250000000000000000e-01 7.350000000000000000e+01
5.890000000000000000e+02 1.643293718166383699e-01 9.679000000000000625e+01
5.890000000000000000e+02 2.411884550084889556e-01 1.420600000000000023e+02
5.860000000000000000e+02 2.075767918088737007e-01 1.216399999999999864e+02
5.870000000000000000e+02 3.819080068143100859e-01 2.241800000000000068e+02
5.890000000000000000e+02 5.602376910016977352e-01 3.299799999999999613e+02
5.870000000000000000e+02 3.366269165247018913e-01 1.975999999999999943e+02
5.880000000000000000e+02 1.501530612244897922e-01 8.828999999999999204e+01
5.880000000000000000e+02 3.536394557823129281e-01 2.079399999999999977e+02
5.870000000000000000e+02 2.310221465076661151e-01 1.356100000000000136e+02
5.890000000000000000e+02 8.181663837011883544e-02 4.818999999999999773e+01
5.860000000000000000e+02 7.482935153583616938e-02 4.384999999999999432e+01
5.850000000000000000e+02 3.357264957264957106e-01 1.964000000000000057e+02
5.890000000000000000e+02 1.271307300509337823e-01 7.487999999999999545e+01
5.890000000000000000e+02 3.084210526315789291e-01 1.816599999999999966e+02
5.900000000000000000e+02 3.273050847457627532e-01 1.931100000000000136e+02
5.890000000000000000e+02 2.464006791171476918e-01 1.451299999999999955e+02
5.850000000000000000e+02 2.528717948717948971e-01 1.479300000000000068e+02
5.870000000000000000e+02 1.595059625212947030e-01 9.362999999999999545e+01
5.880000000000000000e+02 9.840136054421769196e-02 5.785999999999999943e+01
5.900000000000000000e+02 3.044237288135593356e-01 1.796100000000000136e+02
5.870000000000000000e+02 3.740715502555366223e-01 2.195800000000000125e+02
5.870000000000000000e+02 8.574105621805791499e-02 5.032999999999999829e+01
5.870000000000000000e+02 1.943441226575809144e-01 1.140799999999999983e+02
5.900000000000000000e+02 6.220677966101694212e-01 3.670199999999999818e+02
5.880000000000000000e+02 6.035714285714284533e-02 3.548999999999999488e+01
5.880000000000000000e+02 3.719387755102041698e-02 2.187000000000000455e+01
5.850000000000000000e+02 5.523076923076923606e-02 3.231000000000000227e+01
5.830000000000000000e+02 2.670668953687821770e-02 1.557000000000000028e+01
5.830000000000000000e+02 1.207547169811320695e-02 7.040000000000000036e+00
5.800000000000000000e+02 1.831379310344827538e-01 1.062199999999999989e+02
5.800000000000000000e+02 1.135344827586206862e-01 6.584999999999999432e+01
5.860000000000000000e+02 1.540273037542662093e-01 9.026000000000000512e+01
5.860000000000000000e+02 2.185665529010238639e-01 1.280799999999999841e+02
5.850000000000000000e+02 5.982905982905983161e-02 3.500000000000000000e+01
5.870000000000000000e+02 2.724020442930153441e-01 1.599000000000000057e+02
5.880000000000000000e+02 3.125850340136054895e-02 1.838000000000000256e+01
5.880000000000000000e+02 1.328231292517006654e-02 7.809999999999998721e+00
5.800000000000000000e+02 5.356896551724137784e-02 3.107000000000000028e+01
5.820000000000000000e+02 2.074742268041237236e-01 1.207500000000000000e+02
5.840000000000000000e+02 1.027397260273972719e-03 6.000000000000000888e-01
5.800000000000000000e+02 7.432758620689655649e-02 4.310999999999999943e+01
5.850000000000000000e+02 8.888888888888889228e-02 5.200000000000000000e+01
