1.800000000000000000e+01 0.000000000000000000e+00 0.000000000000000000e+00
2.900000000000000000e+01 1.028206896551724192e+01 2.981800000000000068e+02
2.900000000000000000e+01 1.079517241379310200e+01 3.130599999999999454e+02
2.900000000000000000e+01 7.406206896551724483e+00 2.147800000000000011e+02
2.900000000000000000e+01 7.926206896551724057e+00 2.298599999999999852e+02
2.900000000000000000e+01 6.890344827586207366e+00 1.998200000000000216e+02
2.900000000000000000e+01 5.439655172413791817e+00 1.577499999999999716e+02
2.900000000000000000e+01 8.040344827586208609e+00 2.331700000000000443e+02
2.900000000000000000e+01 9.996551724137930250e+00 2.898999999999999773e+02
2.900000000000000000e+01 7.591034482758622026e+00 2.201400000000000432e+02
2.900000000000000000e+01 5.563448275862069359e+00 1.613400000000000034e+02
2.900000000000000000e+01 8.026206896551723702e+00 2.327599999999999909e+02
2.900000000000000000e+01 5.639655172413791107e+00 1.635499999999999545e+02
2.900000000000000000e+01 2.343793103448275961e+00 6.796999999999999886e+01
2.900000000000000000e+01 8.648275862068965480e+00 2.507999999999999829e+02
2.900000000000000000e+01 7.243793103448276760e+00 2.100700000000000216e+02
2.900000000000000000e+01 8.903448275862068328e+00 2.581999999999999886e+02
2.900000000000000000e+01 5.827241379310344804e+00 1.689900000000000091e+02
2.900000000000000000e+01 7.835517241379310605e+00 2.272300000000000182e+02
2.900000000000000000e+01 5.520689655172413168e+00 1.600999999999999943e+02
2.900000000000000000e+01 1.372068965517241335e+00 3.978999999999999915e+01
2.900000000000000000e+01 6.647931034482758683e+00 1.927899999999999920e+02
2.900000000000000000e+01 6.025517241379310107e+00 1.747399999999999807e+02
2.900000000000000000e+01 4.272413793103448043e+00 1.239000000000000057e+02
2.900000000000000000e+01 5.233448275862069288e+00 1.517700000000000102e+02
2.900000000000000000e+01 2.835517241379310605e+00 8.223000000000000398e+01
2.900000000000000000e+01 1.881034482758620507e+00 5.454999999999999716e+01
2.900000000000000000e+01 3.245517241379310303e+00 9.412000000000000455e+01
2.900000000000000000e+01 5.618620689655171141e+00 1.629399999999999693e+02
2.900000000000000000e+01 5.656896551724138078e+00 1.640500000000000114e+02
2.900000000000000000e+01 2.372413793103448132e+00 6.879999999999999716e+01
2.900000000000000000e+01 2.711034482758620801e+00 7.862000000000000455e+01
2.900000000000000000e+01 2.975172413793103487e+00 8.628000000000000114e+01
2.900000000000000000e+01 1.648275862068965703e+00 4.780000000000000426e+01
2.900000000000000000e+01 6.050344827586208396e+00 1.754600000000000364e+02
2.900000000000000000e+01 3.050000000000000266e+00 8.845000000000000284e+01
2.900000000000000000e+01 5.082068965517240855e+00 1.473799999999999955e+02
2.900000000000000000e+01 4.586551724137931885e+00 1.330100000000000193e+02
2.900000000000000000e+01 4.765172413793102635e+00 1.381899999999999693e+02
2.900000000000000000e+01 4.871724137931033205e+00 1.412799999999999727e+02
2.900000000000000000e+01 6.820689655172412769e-01 1.977999999999999758e+01
2.900000000000000000e+01 5.349999999999999645e+00 1.551499999999999773e+02
2.900000000000000000e+01 5.729999999999999538e+00 1.661699999999999875e+02
2.900000000000000000e+01 4.782068965517241033e+00 1.386799999999999784e+02
2.900000000000000000e+01 4.893103448275862632e+00 1.419000000000000057e+02
2.900000000000000000e+01 4.212758620689656119e+00 1.221700000000000159e+02
2.900000000000000000e+01 3.125517241379310196e+00 9.064000000000000057e+01
2.900000000000000000e+01 2.584827586206896122e+00 7.495999999999999375e+01
2.900000000000000000e+01 6.104137931034482101e+00 1.770199999999999818e+02
2.900000000000000000e+01 6.469655172413792954e+00 1.876200000000000045e+02
2.900000000000000000e+01 4.014827586206896726e+00 1.164299999999999926e+02
2.900000000000000000e+01 4.826551724137931210e+00 1.399699999999999989e+02
2.900000000000000000e+01 3.568965517241379448e+00 1.035000000000000000e+02
2.900000000000000000e+01 1.513793103448276112e+00 4.390000000000000568e+01
2.900000000000000000e+01 5.901379310344827545e+00 1.711399999999999864e+02
2.900000000000000000e+01 3.658620689655172065e+00 1.060999999999999943e+02
2.900000000000000000e+01 3.846896551724138025e+00 1.115600000000000023e+02
2.900000000000000000e+01 3.216206896551724537e+00 9.327000000000001023e+01
2.900000000000000000e+01 4.322413793103448754e+00 1.253500000000000085e+02
2.900000000000000000e+01 3.882068965517241121e+00 1.125799999999999983e+02
2.900000000000000000e+01 2.626896551724138273e+00 7.618000000000000682e+01
2.900000000000000000e+01 7.723793103448275410e+00 2.239899999999999807e+02
2.900000000000000000e+01 4.273448275862069323e+00 1.239300000000000210e+02
2.900000000000000000e+01 3.574482758620689982e+00 1.036600000000000108e+02
2.900000000000000000e+01 4.758275862068965800e+00 1.379900000000000091e+02
2.900000000000000000e+01 4.778275862068965374e+00 1.385699999999999932e+02
2.900000000000000000e+01 2.068620689655172207e+00 5.998999999999999488e+01
2.900000000000000000e+01 2.711034482758620356e+00 7.861999999999999034e+01
2.900000000000000000e+01 6.837241379310344591e+00 1.982800000000000011e+02
2.900000000000000000e+01 5.610344827586206229e+00 1.626999999999999886e+02
2.900000000000000000e+01 4.066896551724139108e+00 1.179400000000000261e+02
2.900000000000000000e+01 4.130689655172414376e+00 1.197900000000000063e+02
2.900000000000000000e+01 3.673793103448275588e+00 1.065399999999999920e+02
2.900000000000000000e+01 1.983793103448275641e+00 5.752999999999999403e+01
2.900000000000000000e+01 4.934482758620689857e+00 1.430999999999999943e+02
2.900000000000000000e+01 5.255172413793102848e+00 1.523999999999999773e+02
2.900000000000000000e+01 3.876551724137931032e+00 1.124200000000000017e+02
2.900000000000000000e+01 2.923448275862068790e+00 8.478000000000000114e+01
2.900000000000000000e+01 2.857241379310344609e+00 8.285999999999999943e+01
2.900000000000000000e+01 2.690344827586207188e+00 7.802000000000001023e+01
2.900000000000000000e+01 1.418965517241379537e+00 4.115000000000000568e+01
2.900000000000000000e+01 4.292068965517241708e+00 1.244699999999999989e+02
2.900000000000000000e+01 3.655517241379310445e+00 1.060100000000000051e+02
2.900000000000000000e+01 3.352413793103448558e+00 9.722000000000001307e+01
2.900000000000000000e+01 2.057586206896551584e+00 5.967000000000000171e+01
2.900000000000000000e+01 3.831379310344828149e+00 1.111100000000000136e+02
2.900000000000000000e+01 2.918275862068965498e+00 8.462999999999999545e+01
2.900000000000000000e+01 1.291379310344827669e+00 3.745000000000000284e+01
2.900000000000000000e+01 4.360689655172413914e+00 1.264600000000000080e+02
2.900000000000000000e+01 4.465517241379310498e+00 1.295000000000000000e+02
2.900000000000000000e+01 2.721034482758620587e+00 7.890999999999999659e+01
2.900000000000000000e+01 2.353448275862068950e+00 6.825000000000000000e+01
2.900000000000000000e+01 1.203103448275862020e+00 3.489000000000000057e+01
2.900000000000000000e+01 2.227586206896551513e+00 6.459999999999999432e+01
2.900000000000000000e+01 2.148965517241379519e+00 6.232000000000000739e+01
2.900000000000000000e+01 2.293448275862069341e+00 6.651000000000000512e+01
2.900000000000000000e+01 2.243793103448276316e+00 6.507000000000000739e+01
2.900000000000000000e+01 2.365517241379309965e+00 6.859999999999999432e+01
2.900000000000000000e+01 2.046896551724137758e+00 5.935999999999999943e+01
2.900000000000000000e+01 2.502758620689655267e+00 7.257999999999999829e+01
