2.300000000000000000e+01 0.000000000000000000e+00 0.000000000000000000e+00
6.900000000000000000e+01 7.842753623188406742e+00 5.411500000000000909e+02
6.900000000000000000e+01 4.449565217391304728e+00 3.070200000000000387e+02
6.900000000000000000e+01 5.988115942028986005e+00 4.131800000000000068e+02
6.900000000000000000e+01 8.774927536231883707e+00 6.054700000000000273e+02
6.900000000000000000e+01 3.679855072463768195e+00 2.539099999999999966e+02
6.900000000000000000e+01 6.152608695652173942e+00 4.245300000000000296e+02
6.900000000000000000e+01 3.024057971014493251e+00 2.086600000000000250e+02
6.900000000000000000e+01 6.350579710144928391e+00 4.381900000000000546e+02
6.900000000000000000e+01 5.868260869565216531e+00 4.049099999999999682e+02
6.900000000000000000e+01 4.996521739130434625e+00 3.447599999999999909e+02
6.900000000000000000e+01 6.981449275362319185e+00 4.817200000000000273e+02
6.900000000000000000e+01 2.762463768115942297e+00 1.906100000000000136e+02
6.900000000000000000e+01 5.109130434782608532e+00 3.525299999999999727e+02
6.900000000000000000e+01 3.736811594202899212e+00 2.578400000000000318e+02
6.900000000000000000e+01 3.834782608695652684e+00 2.646000000000000227e+02
6.900000000000000000e+01 5.958260869565217277e+00 4.111200000000000045e+02
6.900000000000000000e+01 2.622318840579710209e+00 1.809399999999999977e+02
6.900000000000000000e+01 4.625217391304347281e+00 3.191399999999999864e+02
6.900000000000000000e+01 1.771449275362318998e+00 1.222300000000000040e+02
6.900000000000000000e+01 3.546521739130434447e+00 2.447099999999999795e+02
6.900000000000000000e+01 3.965217391304348027e+00 2.736000000000000227e+02
6.900000000000000000e+01 2.947246376811594182e+00 2.033600000000000136e+02
6.900000000000000000e+01 2.379999999999999449e+00 1.642199999999999704e+02
6.900000000000000000e+01 1.406376811594202803e+00 9.703999999999999204e+01
6.900000000000000000e+01 2.656231884057970838e+00 1.832800000000000011e+02
6.900000000000000000e+01 3.868840579710144834e+00 2.669499999999999886e+02
6.900000000000000000e+01 2.007681159420289685e+00 1.385300000000000011e+02
6.900000000000000000e+01 4.508695652173914326e+00 3.111000000000000796e+02
6.900000000000000000e+01 1.464347826086956683e+00 1.010400000000000063e+02
6.900000000000000000e+01 2.682463768115942671e+00 1.850900000000000318e+02
6.900000000000000000e+01 2.389275362318840745e+00 1.648600000000000136e+02
6.900000000000000000e+01 1.874782608695652053e+00 1.293599999999999852e+02
6.900000000000000000e+01 1.769565217391304346e+00 1.220999999999999943e+02
6.900000000000000000e+01 1.183478260869565313e+00 8.166000000000001080e+01
6.900000000000000000e+01 1.272753623188405792e+00 8.781999999999999318e+01
6.900000000000000000e+01 7.940579710144927139e-01 5.478999999999999915e+01
6.900000000000000000e+01 1.445942028985506944e+00 9.976999999999998181e+01
6.900000000000000000e+01 1.070289855072463769e+00 7.384999999999999432e+01
6.900000000000000000e+01 7.801449275362318803e-01 5.382999999999999829e+01
6.900000000000000000e+01 1.654927536231884266e+00 1.141900000000000119e+02
6.900000000000000000e+01 9.197101449275362217e-01 6.346000000000000085e+01
6.900000000000000000e+01 8.860869565217391886e-01 6.114000000000000057e+01
6.900000000000000000e+01 1.569855072463768098e+00 1.083199999999999932e+02
6.900000000000000000e+01 1.107246376811594324e+00 7.640000000000000568e+01
6.900000000000000000e+01 1.335652173913043361e+00 9.215999999999999659e+01
6.900000000000000000e+01 5.452173913043477649e-01 3.761999999999999744e+01
6.900000000000000000e+01 9.004347826086956941e-01 6.213000000000000256e+01
6.900000000000000000e+01 2.263768115942029202e-01 1.562000000000000099e+01
6.900000000000000000e+01 5.889855072463767716e-01 4.064000000000000057e+01
6.900000000000000000e+01 2.691739130434782634e+00 1.857299999999999898e+02
6.900000000000000000e+01 1.941739130434782412e+00 1.339799999999999898e+02
6.900000000000000000e+01 1.656231884057971060e+00 1.142800000000000011e+02
6.900000000000000000e+01 9.343478260869565455e-01 6.446999999999999886e+01
6.900000000000000000e+01 1.853623188405796984e+00 1.278999999999999915e+02
6.900000000000000000e+01 1.298405797101449100e+00 8.958999999999998920e+01
6.800000000000000000e+01 5.647058823529411686e-01 3.839999999999999858e+01
6.800000000000000000e+01 9.650000000000000799e-01 6.562000000000000455e+01
6.900000000000000000e+01 3.107246376811593769e-01 2.143999999999999773e+01
6.900000000000000000e+01 3.355797101449275122e+00 2.315499999999999829e+02
6.900000000000000000e+01 2.449130434782608834e+00 1.689900000000000091e+02
6.900000000000000000e+01 1.485362318840579787e+00 1.024900000000000091e+02
6.900000000000000000e+01 3.046231884057970962e+00 2.101899999999999977e+02
6.900000000000000000e+01 4.714492753623188426e-01 3.253000000000000114e+01
6.900000000000000000e+01 1.110000000000000098e+00 7.659000000000000341e+01
6.900000000000000000e+01 1.303913043478260869e+00 8.996999999999999886e+01
6.900000000000000000e+01 2.445507246376811494e+00 1.687399999999999807e+02
6.900000000000000000e+01 2.496956521739130519e+00 1.722900000000000205e+02
6.900000000000000000e+01 2.030869565217391148e+00 1.401299999999999955e+02
6.900000000000000000e+01 8.369565217391304879e-01 5.775000000000000711e+01
6.900000000000000000e+01 7.905797101449274500e-01 5.454999999999999716e+01
6.900000000000000000e+01 2.388985507246376816e+00 1.648400000000000034e+02
6.900000000000000000e+01 1.389130434782608559e+00 9.584999999999999432e+01
6.900000000000000000e+01 1.120144927536232071e+00 7.729000000000000625e+01
6.900000000000000000e+01 9.891304347826086474e-01 6.825000000000000000e+01
6.900000000000000000e+01 5.608695652173913970e-01 3.870000000000000284e+01
6.900000000000000000e+01 8.827536231884058893e-01 6.091000000000000369e+01
6.800000000000000000e+01 2.407352941176470473e+00 1.636999999999999886e+02
6.900000000000000000e+01 1.192753623188405721e+00 8.229999999999999716e+01
6.900000000000000000e+01 1.350724637681159468e+00 9.320000000000000284e+01
6.900000000000000000e+01 4.184057971014493171e-01 2.887000000000000099e+01
6.900000000000000000e+01 4.691304347826086851e-01 3.236999999999999744e+01
6.900000000000000000e+01 2.043478260869565077e-01 1.409999999999999964e+01
6.900000000000000000e+01 1.443913043478260994e+00 9.963000000000000966e+01
6.900000000000000000e+01 1.410579710144927557e+00 9.732999999999999829e+01
6.900000000000000000e+01 3.553623188405797273e-01 2.451999999999999957e+01
6.900000000000000000e+01 1.105072463768115743e+00 7.624999999999998579e+01
6.900000000000000000e+01 8.721739130434782439e-01 6.017999999999999972e+01
6.900000000000000000e+01 3.828985507246376874e-01 2.642000000000000171e+01
6.900000000000000000e+01 2.188260869565218147e+00 1.509900000000000375e+02
6.900000000000000000e+01 2.330289855072464000e+00 1.607900000000000205e+02
6.900000000000000000e+01 2.694347826086956665e+00 1.859100000000000250e+02
6.900000000000000000e+01 9.905797101449276276e-01 6.835000000000000853e+01
6.900000000000000000e+01 1.132028985507246510e+00 7.811000000000001364e+01
6.900000000000000000e+01 1.018695652173913002e+00 7.028999999999999204e+01
6.900000000000000000e+01 1.232608695652173791e+00 8.504999999999999716e+01
6.900000000000000000e+01 8.736231884057971131e-01 6.028000000000000114e+01
6.900000000000000000e+01 3.598550724637680776e-01 2.482999999999999829e+01
6.900000000000000000e+01 9.794202898550724568e-01 6.757999999999999829e+01
6.900000000000000000e+01 2.440579710144927528e-01 1.683999999999999986e+01
