1.800000000000000000e+01 0.000000000000000000e+00 0.000000000000000000e+00
2.900000000000000000e+01 3.598620689655172455e+00 1.043599999999999994e+02
2.900000000000000000e+01 4.891379310344828646e+00 1.418500000000000227e+02
2.900000000000000000e+01 6.337931034482759074e+00 1.838000000000000114e+02
2.900000000000000000e+01 5.281379310344828326e+00 1.531600000000000250e+02
2.900000000000000000e+01 6.678965517241381100e+00 1.936900000000000546e+02
2.900000000000000000e+01 3.821034482758620232e+00 1.108099999999999881e+02
2.900000000000000000e+01 2.379310344827586299e+00 6.900000000000000000e+01
2.900000000000000000e+01 4.516551724137930712e+00 1.309799999999999898e+02
2.900000000000000000e+01 4.487586206896550856e+00 1.301399999999999864e+02
2.900000000000000000e+01 7.925172413793103665e+00 2.298300000000000125e+02
2.900000000000000000e+01 8.727586206896551957e+00 2.531000000000000227e+02
2.900000000000000000e+01 1.306896551724137989e+00 3.789999999999999858e+01
2.900000000000000000e+01 4.510689655172414270e+00 1.308100000000000023e+02
2.900000000000000000e+01 4.293793103448276582e+00 1.245200000000000102e+02
2.900000000000000000e+01 3.840689655172413453e+00 1.113799999999999955e+02
2.900000000000000000e+01 6.071724137931035159e+00 1.760800000000000125e+02
2.900000000000000000e+01 1.311379310344827687e+00 3.803000000000000114e+01
2.900000000000000000e+01 2.174482758620689626e+00 6.306000000000000227e+01
2.900000000000000000e+01 5.547241379310346332e+00 1.608700000000000330e+02
2.900000000000000000e+01 4.294827586206896086e+00 1.245499999999999972e+02
2.900000000000000000e+01 5.288620689655172846e+00 1.533700000000000045e+02
2.900000000000000000e+01 4.511034482758620179e+00 1.308199999999999932e+02
2.900000000000000000e+01 2.363448275862068737e+00 6.853999999999999204e+01
2.900000000000000000e+01 3.665862068965517473e+00 1.063100000000000023e+02
2.900000000000000000e+01 3.916896551724137865e+00 1.135900000000000034e+02
2.900000000000000000e+01 4.973793103448276298e+00 1.442400000000000091e+02
2.900000000000000000e+01 6.280689655172412955e+00 1.821399999999999864e+02
2.900000000000000000e+01 9.051724137931034253e-01 2.625000000000000000e+01
2.900000000000000000e+01 5.094827586206896797e+00 1.477500000000000000e+02
2.900000000000000000e+01 5.431724137931033702e+00 1.575199999999999818e+02
2.900000000000000000e+01 4.412413793103448612e+00 1.279600000000000080e+02
2.900000000000000000e+01 4.927931034482758932e+00 1.429099999999999966e+02
2.900000000000000000e+01 3.927586206896551690e-01 1.139000000000000057e+01
2.900000000000000000e+01 1.574137931034482962e+00 4.565000000000000568e+01
2.900000000000000000e+01 4.693793103448275161e+00 1.361199999999999761e+02
2.900000000000000000e+01 2.643448275862068986e+00 7.665999999999999659e+01
2.900000000000000000e+01 5.323793103448275055e+00 1.543899999999999864e+02
2.900000000000000000e+01 5.566551724137930535e+00 1.614299999999999784e+02
2.900000000000000000e+01 1.038275862068965605e+00 3.011000000000000298e+01
2.900000000000000000e+01 2.827586206896551602e+00 8.200000000000000000e+01
2.900000000000000000e+01 1.484482758620689458e+00 4.304999999999999716e+01
2.900000000000000000e+01 5.038620689655172846e+00 1.461200000000000045e+02
2.900000000000000000e+01 7.383103448275862846e+00 2.141100000000000136e+02
2.900000000000000000e+01 1.599655172413793069e+00 4.639000000000000057e+01
2.900000000000000000e+01 5.223103448275861815e+00 1.514699999999999989e+02
2.900000000000000000e+01 4.576551724137931210e+00 1.327199999999999989e+02
2.900000000000000000e+01 3.098965517241379253e+00 8.987000000000000455e+01
2.900000000000000000e+01 4.580344827586205980e+00 1.328299999999999841e+02
2.900000000000000000e+01 1.794827586206896752e+00 5.205000000000000426e+01
2.900000000000000000e+01 2.526896551724138185e+00 7.328000000000000114e+01
2.900000000000000000e+01 4.150689655172414838e+00 1.203700000000000188e+02
2.900000000000000000e+01 2.680344827586206957e+00 7.773000000000000398e+01
2.900000000000000000e+01 6.241034482758619717e+00 1.809899999999999807e+02
2.900000000000000000e+01 5.966896551724137687e+00 1.730399999999999920e+02
2.900000000000000000e+01 2.246206896551724341e+00 6.514000000000000057e+01
2.900000000000000000e+01 3.363793103448275978e+00 9.754999999999999716e+01
2.900000000000000000e+01 3.274482758620689271e+00 9.495999999999999375e+01
2.900000000000000000e+01 4.985172413793103274e+00 1.445699999999999932e+02
2.900000000000000000e+01 6.700000000000000178e+00 1.943000000000000114e+02
2.900000000000000000e+01 2.365517241379310465e-01 6.860000000000000320e+00
2.900000000000000000e+01 4.010689655172413381e+00 1.163099999999999881e+02
2.900000000000000000e+01 4.955862068965517508e+00 1.437199999999999989e+02
2.900000000000000000e+01 3.621379310344827296e+00 1.050199999999999960e+02
2.900000000000000000e+01 2.722758620689655018e+00 7.895999999999999375e+01
2.900000000000000000e+01 5.724137931034483096e-01 1.660000000000000142e+01
2.900000000000000000e+01 2.003103448275862064e+00 5.809000000000000341e+01
2.900000000000000000e+01 3.725172413793103487e+00 1.080300000000000011e+02
2.900000000000000000e+01 2.734827586206896477e+00 7.931000000000000227e+01
2.900000000000000000e+01 4.035517241379310782e+00 1.170300000000000011e+02
2.900000000000000000e+01 4.152068965517241139e+00 1.204099999999999966e+02
2.900000000000000000e+01 7.124137931034483229e-01 2.066000000000000014e+01
2.900000000000000000e+01 1.686896551724137883e+00 4.892000000000000171e+01
2.900000000000000000e+01 2.325172413793103576e+00 6.743000000000000682e+01
2.900000000000000000e+01 4.573793103448275055e+00 1.326399999999999864e+02
2.900000000000000000e+01 5.184482758620690745e+00 1.503500000000000227e+02
2.900000000000000000e+01 1.412758620689655187e+00 4.096999999999999886e+01
2.900000000000000000e+01 3.101379310344827722e+00 8.993999999999999773e+01
2.900000000000000000e+01 4.771034482758620854e+00 1.383600000000000136e+02
2.900000000000000000e+01 2.784827586206896743e+00 8.076000000000000512e+01
2.900000000000000000e+01 3.499655172413793203e+00 1.014900000000000091e+02
2.900000000000000000e+01 9.062068965517240393e-01 2.627999999999999758e+01
2.900000000000000000e+01 1.829655172413793274e+00 5.306000000000000227e+01
2.900000000000000000e+01 3.586896551724137794e+00 1.040199999999999960e+02
2.900000000000000000e+01 3.262068965517241015e+00 9.459999999999999432e+01
2.900000000000000000e+01 3.924827586206896424e+00 1.138199999999999932e+02
2.900000000000000000e+01 5.326551724137932098e+00 1.544700000000000273e+02
2.900000000000000000e+01 2.818275862068965854e+00 8.173000000000000398e+01
2.900000000000000000e+01 3.133448275862069199e+00 9.087000000000000455e+01
2.900000000000000000e+01 3.686896551724137883e+00 1.069200000000000017e+02
2.900000000000000000e+01 4.781034482758620641e+00 1.386500000000000057e+02
2.900000000000000000e+01 5.521034482758620854e+00 1.601100000000000136e+02
2.900000000000000000e+01 5.782758620689655293e-01 1.676999999999999957e+01
2.900000000000000000e+01 3.717586206896551726e+00 1.078100000000000023e+02
2.900000000000000000e+01 4.192413793103447972e+00 1.215799999999999983e+02
2.900000000000000000e+01 3.100344827586206886e+00 8.990999999999999659e+01
2.900000000000000000e+01 3.136896551724138060e+00 9.096999999999999886e+01
2.900000000000000000e+01 1.355862068965517198e+00 3.932000000000000028e+01
2.900000000000000000e+01 6.817241379310344795e-01 1.976999999999999957e+01
2.900000000000000000e+01 2.132758620689655160e+00 6.185000000000000142e+01
