2.400000000000000000e+01 0.000000000000000000e+00 0.000000000000000000e+00
4.200000000000000000e+02 3.707000000000000295e+00 1.556940000000000055e+03
4.510000000000000000e+02 1.914057649667405769e+00 8.632400000000000091e+02
4.570000000000000000e+02 2.420809628008752767e+00 1.106309999999999945e+03
4.680000000000000000e+02 1.554123931623931476e+00 7.273299999999999272e+02
4.680000000000000000e+02 1.597008547008546886e+00 7.473999999999999773e+02
4.680000000000000000e+02 1.836581196581196451e+00 8.595199999999999818e+02
4.680000000000000000e+02 1.291282051282051091e+00 6.043199999999999363e+02
4.680000000000000000e+02 7.520512820512820218e-01 3.519599999999999795e+02
4.680000000000000000e+02 1.031923076923076721e+00 4.829399999999999409e+02
4.670000000000000000e+02 1.341199143468950750e+00 6.263400000000000318e+02
4.680000000000000000e+02 1.161880341880341838e+00 5.437599999999999909e+02
4.680000000000000000e+02 1.280299145299145458e+00 5.991800000000000637e+02
4.720000000000000000e+02 8.205720338983051310e-01 3.873100000000000023e+02
4.710000000000000000e+02 6.109129511677282576e-01 2.877400000000000091e+02
4.790000000000000000e+02 3.988100208768266541e-01 1.910299999999999727e+02
4.890000000000000000e+02 3.411042944785276365e-01 1.668000000000000114e+02
4.890000000000000000e+02 3.941308793456033133e-01 1.927300000000000182e+02
4.900000000000000000e+02 9.140816326530613878e-02 4.479000000000000625e+01
4.870000000000000000e+02 2.561601642710472082e-01 1.247500000000000000e+02
4.890000000000000000e+02 2.235787321063394395e-01 1.093299999999999841e+02
4.900000000000000000e+02 8.932653061224489488e-02 4.376999999999999602e+01
4.890000000000000000e+02 8.877300613496932891e-02 4.341000000000000369e+01
4.870000000000000000e+02 5.800821355236139565e-02 2.825000000000000000e+01
4.870000000000000000e+02 1.032443531827515470e-01 5.028000000000000114e+01
4.870000000000000000e+02 1.662833675564681646e-01 8.097999999999998977e+01
4.870000000000000000e+02 1.587268993839835787e-02 7.729999999999999538e+00
4.860000000000000000e+02 1.015432098765432084e-01 4.935000000000000142e+01
4.860000000000000000e+02 1.121604938271605068e-01 5.451000000000000512e+01
4.870000000000000000e+02 2.349486652977413048e-01 1.144200000000000159e+02
4.880000000000000000e+02 3.502049180327869438e-02 1.709000000000000341e+01
4.870000000000000000e+02 1.000000000000000021e-02 4.870000000000000107e+00
4.850000000000000000e+02 9.379381443298967502e-02 4.548999999999999488e+01
4.860000000000000000e+02 4.160493827160493402e-02 2.021999999999999886e+01
4.830000000000000000e+02 1.425465838509316630e-01 6.884999999999999432e+01
4.820000000000000000e+02 2.554149377593361026e-01 1.231100000000000136e+02
4.890000000000000000e+02 4.522085889570551798e-01 2.211299999999999955e+02
4.900000000000000000e+02 2.214489795918367365e-01 1.085100000000000051e+02
4.900000000000000000e+02 1.507346938775510070e-01 7.385999999999999943e+01
4.900000000000000000e+02 1.028163265306122343e-01 5.037999999999999545e+01
4.910000000000000000e+02 2.355600814663950937e-01 1.156599999999999966e+02
4.910000000000000000e+02 5.372301425661913932e-01 2.637799999999999727e+02
4.910000000000000000e+02 9.151934826883910690e-01 4.493600000000000136e+02
4.910000000000000000e+02 4.367617107942973198e-01 2.144499999999999886e+02
4.910000000000000000e+02 1.954378818737270707e-01 9.595999999999999375e+01
4.870000000000000000e+02 1.612525667351129288e-01 7.853000000000000114e+01
4.850000000000000000e+02 1.188865979381443228e-01 5.765999999999999659e+01
4.890000000000000000e+02 6.216768916155419010e-03 3.040000000000000036e+00
4.890000000000000000e+02 8.139059304703476563e-03 3.980000000000000426e+00
4.880000000000000000e+02 1.578073770491802974e-01 7.700999999999999091e+01
4.870000000000000000e+02 1.249486652977412765e-01 6.085000000000000142e+01
4.870000000000000000e+02 2.009445585215605956e-01 9.786000000000001364e+01
4.880000000000000000e+02 5.618852459016393519e-02 2.742000000000000171e+01
4.830000000000000000e+02 2.072463768115941907e-01 1.000999999999999943e+02
4.850000000000000000e+02 3.173195876288659872e-02 1.538999999999999879e+01
4.880000000000000000e+02 4.174180327868851764e-02 2.036999999999999744e+01
4.850000000000000000e+02 2.070515463917525500e-01 1.004199999999999875e+02
4.860000000000000000e+02 1.433539094650205792e-01 6.967000000000000171e+01
4.900000000000000000e+02 1.595306122448979236e-01 7.816999999999998749e+01
4.860000000000000000e+02 4.261316872427983737e-02 2.071000000000000085e+01
4.850000000000000000e+02 1.525773195876288513e-02 7.399999999999999467e+00
4.830000000000000000e+02 3.269151138716356458e-02 1.579000000000000092e+01
4.840000000000000000e+02 4.717355371900826544e-01 2.283199999999999932e+02
4.890000000000000000e+02 5.740286298568506584e-01 2.806999999999999886e+02
4.880000000000000000e+02 3.688114754098361092e-01 1.799800000000000182e+02
4.860000000000000000e+02 2.258641975308641470e-01 1.097699999999999818e+02
4.850000000000000000e+02 1.247835051546391794e-01 6.052000000000000313e+01
4.890000000000000000e+02 3.496932515337423941e-02 1.710000000000000142e+01
4.890000000000000000e+02 2.541922290388548000e-01 1.242999999999999972e+02
4.890000000000000000e+02 1.646012269938650630e-01 8.049000000000000909e+01
4.850000000000000000e+02 9.146391752577319456e-02 4.435999999999999943e+01
4.870000000000000000e+02 5.783162217659136850e-01 2.816399999999999864e+02
4.910000000000000000e+02 4.912830957230143181e-01 2.412200000000000273e+02
4.900000000000000000e+02 1.977551020408163107e-01 9.689999999999999147e+01
4.910000000000000000e+02 2.537067209775967225e-01 1.245699999999999932e+02
4.910000000000000000e+02 7.299389002036660301e-02 3.584000000000000341e+01
4.900000000000000000e+02 8.159183673469387610e-02 3.997999999999999687e+01
4.910000000000000000e+02 1.853156822810590743e-01 9.099000000000000909e+01
4.910000000000000000e+02 3.214256619144602589e-01 1.578199999999999932e+02
4.890000000000000000e+02 7.255623721881392096e-02 3.548000000000000398e+01
4.890000000000000000e+02 4.007157464212678932e-01 1.959499999999999886e+02
4.910000000000000000e+02 4.721588594704683728e-01 2.318299999999999841e+02
4.910000000000000000e+02 1.752545824847250577e-01 8.604999999999999716e+01
4.890000000000000000e+02 4.678936605316973835e-02 2.288000000000000256e+01
4.880000000000000000e+02 2.362704918032787135e-02 1.153000000000000114e+01
4.860000000000000000e+02 1.423251028806584717e-01 6.917000000000001592e+01
4.860000000000000000e+02 1.166872427983539073e-01 5.671000000000000085e+01
4.870000000000000000e+02 2.613963039014373102e-01 1.272999999999999829e+02
4.850000000000000000e+02 3.282474226804123901e-02 1.591999999999999993e+01
4.870000000000000000e+02 1.536755646817248577e-01 7.484000000000000341e+01
4.880000000000000000e+02 2.295491803278688625e-01 1.120200000000000102e+02
4.860000000000000000e+02 4.248971193415637670e-02 2.064999999999999858e+01
4.880000000000000000e+02 3.186680327868852136e-01 1.555099999999999909e+02
4.900000000000000000e+02 5.957142857142856684e-02 2.918999999999999773e+01
4.860000000000000000e+02 1.226131687242798390e-01 5.959000000000000341e+01
4.830000000000000000e+02 1.788612836438923659e-01 8.639000000000001478e+01
4.860000000000000000e+02 3.847119341563785544e-01 1.869699999999999704e+02
4.880000000000000000e+02 5.036475409836065342e-01 2.457799999999999727e+02
4.850000000000000000e+02 3.760412371134020382e-01 1.823799999999999955e+02
4.860000000000000000e+02 4.211111111111111582e-01 2.046600000000000250e+02
