2.400000000000000000e+01 0.000000000000000000e+00 0.000000000000000000e+00
7.900000000000000000e+01 9.128227848101266417e+00 7.211300000000001091e+02
7.900000000000000000e+01 6.886202531645571057e+00 5.440100000000001046e+02
7.900000000000000000e+01 6.778481012658227556e+00 5.355000000000000000e+02
7.900000000000000000e+01 5.395063291139240214e+00 4.262099999999999795e+02
7.900000000000000000e+01 5.619620253164557155e+00 4.439500000000000455e+02
7.900000000000000000e+01 3.562658227848101156e+00 2.814499999999999886e+02
7.900000000000000000e+01 5.819367088607595662e+00 4.597300000000000750e+02
7.900000000000000000e+01 7.908987341772150792e+00 6.248099999999999454e+02
7.900000000000000000e+01 8.096835443037976532e+00 6.396500000000000909e+02
7.900000000000000000e+01 4.811772151898733973e+00 3.801299999999999955e+02
7.900000000000000000e+01 5.216202531645569351e+00 4.120799999999999841e+02
7.900000000000000000e+01 4.153417721518986916e+00 3.281199999999999477e+02
7.900000000000000000e+01 1.750632911392404845e+00 1.382999999999999829e+02
7.900000000000000000e+01 5.494810126582278187e+00 4.340899999999999750e+02
7.900000000000000000e+01 3.202025316455696657e+00 2.529600000000000364e+02
7.900000000000000000e+01 4.537594936708861937e+00 3.584700000000000841e+02
7.900000000000000000e+01 2.386582278481012231e+00 1.885399999999999636e+02
7.900000000000000000e+01 3.488607594936708356e+00 2.755999999999999659e+02
7.900000000000000000e+01 2.121772151898734027e+00 1.676200000000000045e+02
7.900000000000000000e+01 1.258481012658227760e+00 9.942000000000000171e+01
7.900000000000000000e+01 2.206075949367088729e+00 1.742800000000000011e+02
7.900000000000000000e+01 2.591392405063291271e+00 2.047199999999999989e+02
7.900000000000000000e+01 1.576708860759493458e+00 1.245599999999999881e+02
7.900000000000000000e+01 1.108354430379746791e+00 8.755999999999998806e+01
7.900000000000000000e+01 1.061772151898734196e+00 8.388000000000000966e+01
7.900000000000000000e+01 8.255696202531644934e-01 6.521999999999999886e+01
7.900000000000000000e+01 7.179746835443038266e-01 5.671999999999999886e+01
7.900000000000000000e+01 2.131012658227847911e+00 1.683499999999999943e+02
7.900000000000000000e+01 1.705189873417721547e+00 1.347100000000000080e+02
7.900000000000000000e+01 1.190759493670886071e+00 9.406999999999999318e+01
7.900000000000000000e+01 1.388227848101265760e+00 1.096700000000000017e+02
7.900000000000000000e+01 7.099999999999999645e-01 5.608999999999999631e+01
7.900000000000000000e+01 4.482278481012657578e-01 3.540999999999999659e+01
7.900000000000000000e+01 2.101139240506328942e+00 1.659899999999999807e+02
7.900000000000000000e+01 2.243797468354430613e+00 1.772600000000000193e+02
7.900000000000000000e+01 1.390379746835443076e+00 1.098400000000000034e+02
7.900000000000000000e+01 8.117721518987340845e-01 6.412999999999999545e+01
7.900000000000000000e+01 6.844303797468354045e-01 5.407000000000000028e+01
7.900000000000000000e+01 1.521518987341771989e-01 1.201999999999999957e+01
7.900000000000000000e+01 2.667088607594936822e-01 2.107000000000000028e+01
7.900000000000000000e+01 3.348101265822785444e-01 2.645000000000000284e+01
7.900000000000000000e+01 1.474683544303797555e-01 1.165000000000000036e+01
7.900000000000000000e+01 7.793670886075948490e-01 6.156999999999999318e+01
7.900000000000000000e+01 1.398101265822784933e+00 1.104500000000000028e+02
7.900000000000000000e+01 7.851898734177215067e-01 6.203000000000000114e+01
7.900000000000000000e+01 8.949367088607594889e-01 7.070000000000000284e+01
7.900000000000000000e+01 7.092405063291138401e-01 5.602999999999999403e+01
7.900000000000000000e+01 1.384936708860759369e+00 1.094099999999999966e+02
7.900000000000000000e+01 1.233164556962025094e+00 9.741999999999998749e+01
7.800000000000000000e+01 6.173076923076923350e-01 4.815000000000000568e+01
7.800000000000000000e+01 6.089743589743590313e-01 4.750000000000000711e+01
7.900000000000000000e+01 6.116455696202531822e-01 4.832000000000000028e+01
7.900000000000000000e+01 4.069620253164557000e-01 3.214999999999999858e+01
7.900000000000000000e+01 1.286962025316455760e+00 1.016700000000000017e+02
7.900000000000000000e+01 1.639240506329113778e-01 1.294999999999999929e+01
7.900000000000000000e+01 1.137721518987341751e+00 8.987999999999999545e+01
7.900000000000000000e+01 6.558227848101265689e-01 5.181000000000000227e+01
7.900000000000000000e+01 5.903797468354430311e-01 4.664000000000000057e+01
7.900000000000000000e+01 1.580506329113924080e+00 1.248599999999999994e+02
7.900000000000000000e+01 7.316455696202531778e-01 5.779999999999999716e+01
7.900000000000000000e+01 1.469873417721519138e+00 1.161200000000000045e+02
7.900000000000000000e+01 1.128987341772151876e+00 8.918999999999999773e+01
7.900000000000000000e+01 9.074683544303797644e-01 7.168999999999999773e+01
7.900000000000000000e+01 9.448101265822782535e-01 7.463999999999998636e+01
7.900000000000000000e+01 2.346075949367088409e+00 1.853399999999999750e+02
7.900000000000000000e+01 6.122784810126581378e-01 4.836999999999999034e+01
7.900000000000000000e+01 8.381012658227848799e-01 6.621000000000000796e+01
7.900000000000000000e+01 1.370886075949367289e+00 1.083000000000000114e+02
7.900000000000000000e+01 8.163291139240507199e-01 6.449000000000000909e+01
7.900000000000000000e+01 7.968354430379746001e-01 6.294999999999999574e+01
7.900000000000000000e+01 1.574303797468354471e+00 1.243700000000000045e+02
7.900000000000000000e+01 1.023924050632911475e+00 8.089000000000001478e+01
7.900000000000000000e+01 3.753164556962025333e-01 2.965000000000000213e+01
7.900000000000000000e+01 1.680126582278481218e+00 1.327300000000000182e+02
7.900000000000000000e+01 1.793291139240506205e+00 1.416699999999999875e+02
7.900000000000000000e+01 1.964430379746835431e+00 1.551899999999999977e+02
7.900000000000000000e+01 1.835949367088607787e+00 1.450400000000000205e+02
7.900000000000000000e+01 1.863291139240506489e+00 1.472000000000000171e+02
7.900000000000000000e+01 1.017974683544303760e+00 8.042000000000000171e+01
7.900000000000000000e+01 8.402531645569621954e-01 6.638000000000000966e+01
7.900000000000000000e+01 1.732278481012658577e+00 1.368500000000000227e+02
7.900000000000000000e+01 9.201265822784809867e-01 7.268999999999999773e+01
7.900000000000000000e+01 1.373670886075949449e+00 1.085200000000000102e+02
7.900000000000000000e+01 9.199999999999999289e-01 7.267999999999999261e+01
7.900000000000000000e+01 9.921518987341773066e-01 7.838000000000000966e+01
7.900000000000000000e+01 3.045569620253164578e-01 2.406000000000000227e+01
7.900000000000000000e+01 3.097468354430379378e-01 2.446999999999999886e+01
7.900000000000000000e+01 7.041772151898733068e-01 5.562999999999999545e+01
7.900000000000000000e+01 1.006835443037974676e+00 7.953999999999999204e+01
7.800000000000000000e+01 1.195384615384615268e+00 9.323999999999999488e+01
7.800000000000000000e+01 1.102051282051282222e+00 8.596000000000000796e+01
7.900000000000000000e+01 2.223037974683544693e+00 1.756200000000000330e+02
7.900000000000000000e+01 1.980506329113924213e+00 1.564600000000000080e+02
7.900000000000000000e+01 2.048227848101265902e+00 1.618100000000000023e+02
7.900000000000000000e+01 1.726455696202531476e+00 1.363899999999999864e+02
7.900000000000000000e+01 2.146835443037975022e+00 1.696000000000000227e+02
7.900000000000000000e+01 1.121012658227848124e+00 8.856000000000000227e+01
7.900000000000000000e+01 1.504810126582278418e+00 1.188799999999999955e+02
7.900000000000000000e+01 1.236962025316455716e+00 9.771999999999999886e+01
