2.400000000000000000e+01 0.000000000000000000e+00 0.000000000000000000e+00
5.300000000000000000e+02 2.491490566037735999e+00 1.320490000000000009e+03
5.880000000000000000e+02 8.646768707482994643e-01 5.084300000000000637e+02
6.130000000000000000e+02 6.485481239804241627e-01 3.975600000000000023e+02
6.190000000000000000e+02 9.427786752827139738e-01 5.835799999999999272e+02
6.210000000000000000e+02 8.467954911433172027e-01 5.258600000000000136e+02
6.330000000000000000e+02 6.995734597156397783e-01 4.428299999999999841e+02
6.440000000000000000e+02 3.864906832298136141e-01 2.488999999999999773e+02
6.490000000000000000e+02 5.067180277349768724e-01 3.288600000000000136e+02
6.590000000000000000e+02 3.938391502276176181e-01 2.595400000000000205e+02
6.570000000000000000e+02 4.754946727549467789e-01 3.124000000000000341e+02
6.580000000000000000e+02 9.866869300911852436e-01 6.492399999999998954e+02
6.590000000000000000e+02 5.538694992412747098e-01 3.650000000000000000e+02
6.630000000000000000e+02 5.125791855203618574e-01 3.398399999999999181e+02
6.630000000000000000e+02 2.605279034690799467e-01 1.727300000000000182e+02
6.630000000000000000e+02 1.110256410256409976e-01 7.360999999999998522e+01
6.610000000000000000e+02 5.880484114977307941e-02 3.887000000000000455e+01
6.600000000000000000e+02 4.704848484848484502e-01 3.105199999999999818e+02
6.570000000000000000e+02 1.749315068493150771e-01 1.149300000000000068e+02
6.580000000000000000e+02 1.555167173252279544e-01 1.023299999999999983e+02
6.650000000000000000e+02 1.691578947368421182e-01 1.124900000000000091e+02
6.640000000000000000e+02 7.147590361445783913e-02 4.746000000000000796e+01
6.660000000000000000e+02 2.809159159159158592e-01 1.870899999999999750e+02
6.710000000000000000e+02 1.112220566318926906e-01 7.462999999999999545e+01
6.690000000000000000e+02 2.496412556053811405e-01 1.670099999999999909e+02
6.710000000000000000e+02 8.439642324888227409e-02 5.663000000000000256e+01
6.730000000000000000e+02 3.915898959881129460e-01 2.635400000000000205e+02
6.830000000000000000e+02 3.817423133235725019e-01 2.607300000000000182e+02
6.830000000000000000e+02 4.582284040995607266e-01 3.129699999999999704e+02
6.830000000000000000e+02 1.200439238653001339e-01 8.198999999999999488e+01
6.820000000000000000e+02 2.099999999999999922e-01 1.432199999999999989e+02
6.830000000000000000e+02 2.580527086383601620e-01 1.762500000000000000e+02
6.790000000000000000e+02 1.111340206185566920e-01 7.545999999999999375e+01
6.760000000000000000e+02 1.452366863905325267e-01 9.817999999999999261e+01
6.770000000000000000e+02 6.183161004431314556e-02 4.185999999999999943e+01
6.780000000000000000e+02 3.836283185840707460e-02 2.600999999999999801e+01
6.780000000000000000e+02 7.426253687315634289e-02 5.035000000000000142e+01
6.710000000000000000e+02 4.044709388971683833e-02 2.714000000000000057e+01
6.740000000000000000e+02 5.213649851632047583e-02 3.514000000000000057e+01
6.780000000000000000e+02 3.491150442477876370e-02 2.367000000000000171e+01
6.750000000000000000e+02 1.735111111111111160e-01 1.171200000000000045e+02
6.740000000000000000e+02 2.578189910979228339e-01 1.737699999999999818e+02
6.810000000000000000e+02 3.740675477239353564e-01 2.547399999999999807e+02
6.820000000000000000e+02 2.801466275659824090e-01 1.910600000000000023e+02
6.810000000000000000e+02 6.572687224669604422e-02 4.476000000000000512e+01
6.810000000000000000e+02 1.503524229074889862e-01 1.023900000000000006e+02
6.800000000000000000e+02 1.376323529411764834e-01 9.359000000000000341e+01
6.770000000000000000e+02 4.130428360413589406e-01 2.796299999999999955e+02
6.790000000000000000e+02 2.787039764359351968e-01 1.892400000000000091e+02
6.770000000000000000e+02 8.765140324963072160e-02 5.933999999999999631e+01
6.780000000000000000e+02 5.709439528023598637e-02 3.871000000000000085e+01
6.790000000000000000e+02 7.418262150220912565e-02 5.036999999999999744e+01
6.790000000000000000e+02 3.325478645066273775e-01 2.257999999999999829e+02
6.790000000000000000e+02 4.057879234167893756e-01 2.755299999999999727e+02
6.790000000000000000e+02 2.012223858615611038e-01 1.366299999999999955e+02
6.810000000000000000e+02 3.748751835535976684e-01 2.552900000000000205e+02
6.780000000000000000e+02 2.942330383480826206e-01 1.994900000000000091e+02
6.790000000000000000e+02 2.434462444771723355e-02 1.653000000000000114e+01
6.820000000000000000e+02 2.397800586510263898e-01 1.635300000000000011e+02
6.770000000000000000e+02 5.173559822747415549e-01 3.502500000000000000e+02
6.780000000000000000e+02 2.178318584070796371e-01 1.476899999999999977e+02
6.770000000000000000e+02 1.116543574593796273e-01 7.559000000000000341e+01
6.760000000000000000e+02 3.100591715976331458e-02 2.096000000000000085e+01
6.740000000000000000e+02 2.540801186943620338e-01 1.712500000000000000e+02
6.760000000000000000e+02 1.941272189349112220e-01 1.312299999999999898e+02
6.750000000000000000e+02 2.010518518518518705e-01 1.357100000000000080e+02
6.790000000000000000e+02 1.848159057437407937e-01 1.254899999999999949e+02
6.770000000000000000e+02 2.329542097488921937e-01 1.577100000000000080e+02
6.790000000000000000e+02 4.299116347569955088e-01 2.919099999999999682e+02
6.780000000000000000e+02 1.137758112094395535e-01 7.714000000000001478e+01
6.760000000000000000e+02 6.329881656804733914e-02 4.278999999999999915e+01
6.790000000000000000e+02 7.061855670103092675e-02 4.794999999999999574e+01
6.800000000000000000e+02 1.876029411764705834e-01 1.275699999999999932e+02
6.790000000000000000e+02 1.858615611192930561e-02 1.261999999999999922e+01
6.820000000000000000e+02 5.139296187683284334e-02 3.504999999999999716e+01
6.770000000000000000e+02 1.616838995568685433e-01 1.094600000000000080e+02
6.780000000000000000e+02 5.585545722713865235e-02 3.787000000000000455e+01
6.760000000000000000e+02 1.109467455621301717e-02 7.500000000000000000e+00
6.780000000000000000e+02 1.076696165191740398e-02 7.299999999999999822e+00
6.740000000000000000e+02 1.505044510385756540e-01 1.014399999999999977e+02
6.750000000000000000e+02 1.586518518518518495e-01 1.070900000000000034e+02
6.810000000000000000e+02 1.232599118942731276e-01 8.393999999999999773e+01
6.790000000000000000e+02 1.231958762886598002e-01 8.365000000000000568e+01
6.750000000000000000e+02 1.400296296296296428e-01 9.452000000000001023e+01
6.800000000000000000e+02 1.570588235294117785e-01 1.068000000000000114e+02
6.830000000000000000e+02 9.645680819912151593e-02 6.587999999999999545e+01
6.760000000000000000e+02 1.340384615384615230e-01 9.060999999999998522e+01
6.780000000000000000e+02 2.271828908554572313e-01 1.540300000000000011e+02
6.790000000000000000e+02 9.500736377025037482e-02 6.451000000000000512e+01
6.760000000000000000e+02 7.460059171597632766e-02 5.042999999999999972e+01
6.730000000000000000e+02 1.072659732540861832e-01 7.218999999999999773e+01
6.770000000000000000e+02 2.785672082717872700e-01 1.885899999999999750e+02
6.750000000000000000e+02 2.289481481481480951e-01 1.545399999999999636e+02
6.730000000000000000e+02 2.302526002971767849e-01 1.549599999999999795e+02
6.740000000000000000e+02 7.075667655786349597e-02 4.768999999999999773e+01
6.710000000000000000e+02 1.044709388971683944e-01 7.009999999999999432e+01
6.720000000000000000e+02 1.934672619047618780e-01 1.300099999999999909e+02
6.740000000000000000e+02 1.408753709198813098e-01 9.495000000000000284e+01
6.710000000000000000e+02 6.625931445603576442e-02 4.446000000000000085e+01
6.700000000000000000e+02 3.876119402985074569e-02 2.596999999999999886e+01
