2.400000000000000000e+01 0.000000000000000000e+00 0.000000000000000000e+00
4.290000000000000000e+02 2.528974358974358516e+00 1.084929999999999836e+03
4.540000000000000000e+02 1.247004405286343598e+00 5.661399999999999864e+02
4.640000000000000000e+02 5.549784482758620685e-01 2.575099999999999909e+02
4.700000000000000000e+02 6.811276595744680806e-01 3.201299999999999955e+02
4.720000000000000000e+02 1.161059322033898278e+00 5.480199999999999818e+02
4.720000000000000000e+02 5.725635593220338437e-01 2.702500000000000000e+02
4.720000000000000000e+02 5.177330508474576876e-01 2.443700000000000045e+02
4.720000000000000000e+02 1.295487288135593218e+00 6.114700000000000273e+02
4.800000000000000000e+02 9.322500000000000231e-01 4.474800000000000182e+02
4.850000000000000000e+02 4.748453608247422686e-01 2.303000000000000114e+02
4.890000000000000000e+02 7.360531697341513580e-01 3.599300000000000068e+02
4.910000000000000000e+02 9.083503054989816583e-01 4.460000000000000000e+02
4.900000000000000000e+02 8.432040816326529242e-01 4.131699999999999591e+02
4.900000000000000000e+02 8.289591836734694352e-01 4.061899999999999977e+02
4.900000000000000000e+02 8.915510204081632528e-01 4.368600000000000136e+02
4.890000000000000000e+02 6.691206543967280762e-01 3.272000000000000455e+02
4.880000000000000000e+02 4.021926229508196449e-01 1.962699999999999818e+02
4.850000000000000000e+02 3.032577319587628772e-01 1.470799999999999841e+02
4.850000000000000000e+02 7.028865979381443418e-02 3.409000000000000341e+01
4.880000000000000000e+02 2.045901639344262501e-01 9.984000000000000341e+01
4.870000000000000000e+02 2.669404517453798781e-02 1.300000000000000000e+01
4.860000000000000000e+02 1.177983539094650256e-01 5.725000000000000000e+01
4.890000000000000000e+02 1.678527607361963159e-01 8.207999999999999829e+01
4.890000000000000000e+02 1.575664621676891863e-01 7.705000000000001137e+01
4.890000000000000000e+02 4.634969325153373565e-01 2.266499999999999773e+02
4.890000000000000000e+02 9.240695296523517843e-01 4.518700000000000045e+02
4.910000000000000000e+02 6.915274949083501932e-01 3.395399999999999636e+02
4.910000000000000000e+02 1.409775967413441911e-01 6.921999999999999886e+01
4.920000000000000000e+02 4.268292682926829807e-04 2.100000000000000200e-01
4.880000000000000000e+02 1.217622950819672173e-01 5.942000000000000171e+01
4.820000000000000000e+02 5.392946058091285799e-01 2.599399999999999977e+02
4.860000000000000000e+02 1.301419753086419773e+00 6.324900000000000091e+02
4.890000000000000000e+02 1.178588957055214603e+00 5.763299999999999272e+02
4.890000000000000000e+02 9.095501022494888455e-01 4.447700000000000387e+02
4.890000000000000000e+02 5.894683026584867092e-01 2.882500000000000000e+02
4.890000000000000000e+02 4.285889570552147698e-01 2.095800000000000125e+02
4.900000000000000000e+02 1.654489795918367145e-01 8.106999999999999318e+01
4.890000000000000000e+02 1.680981595092024758e-02 8.220000000000000639e+00
4.890000000000000000e+02 1.484867075664621505e-01 7.260999999999998522e+01
4.860000000000000000e+02 1.068106995884773730e-01 5.191000000000000369e+01
4.830000000000000000e+02 2.650103519668736696e-02 1.279999999999999893e+01
4.850000000000000000e+02 3.597731958762886428e-01 1.744899999999999807e+02
4.810000000000000000e+02 1.390020790020790042e-01 6.685999999999999943e+01
4.860000000000000000e+02 4.094650205761316691e-02 1.989999999999999858e+01
4.870000000000000000e+02 1.093634496919917987e-01 5.326000000000000512e+01
4.860000000000000000e+02 1.502057613168724381e-01 7.300000000000000000e+01
4.850000000000000000e+02 1.589896907216495070e-01 7.711000000000001364e+01
4.860000000000000000e+02 2.356378600823045288e-01 1.145199999999999960e+02
4.840000000000000000e+02 3.136983471074379914e-01 1.518299999999999841e+02
4.810000000000000000e+02 1.534927234927234985e-01 7.382999999999999829e+01
4.830000000000000000e+02 1.858178053830227827e-01 8.975000000000000000e+01
4.820000000000000000e+02 1.625933609958506443e-01 7.837000000000000455e+01
4.830000000000000000e+02 6.425051759834369269e-01 3.103300000000000409e+02
4.880000000000000000e+02 3.556762295081967173e-01 1.735699999999999932e+02
4.880000000000000000e+02 2.811475409836065170e-02 1.371999999999999886e+01
4.850000000000000000e+02 2.378144329896907661e-01 1.153400000000000176e+02
4.840000000000000000e+02 1.306404958677685746e-01 6.322999999999998977e+01
4.860000000000000000e+02 5.843621399176954223e-02 2.839999999999999858e+01
4.850000000000000000e+02 7.124742268041236448e-01 3.455499999999999545e+02
4.880000000000000000e+02 1.255122950819672067e-01 6.124999999999999289e+01
4.900000000000000000e+02 2.265306122448980039e-02 1.110000000000000142e+01
4.870000000000000000e+02 9.464065708418890888e-02 4.608999999999999631e+01
4.850000000000000000e+02 4.348453608247421914e-02 2.108999999999999631e+01
4.830000000000000000e+02 5.335403726708073946e-02 2.576999999999999602e+01
4.800000000000000000e+02 8.981458333333333099e-01 4.311100000000000136e+02
4.880000000000000000e+02 1.016454918032786869e+00 4.960300000000000296e+02
4.920000000000000000e+02 7.717682926829269041e-01 3.797100000000000364e+02
4.920000000000000000e+02 7.106300813008129547e-01 3.496299999999999955e+02
4.920000000000000000e+02 5.830487804878049518e-01 2.868600000000000136e+02
4.920000000000000000e+02 3.659146341463414553e-01 1.800300000000000011e+02
4.910000000000000000e+02 1.377596741344195574e-01 6.764000000000000057e+01
4.910000000000000000e+02 1.426476578411405016e-01 7.003999999999999204e+01
4.920000000000000000e+02 1.357113821138211385e-01 6.676999999999999602e+01
4.920000000000000000e+02 2.703252032520325147e-03 1.330000000000000071e+00
4.860000000000000000e+02 2.028806584362139939e-02 9.859999999999999432e+00
4.860000000000000000e+02 1.502880658436213934e-01 7.303999999999999204e+01
4.860000000000000000e+02 3.242592592592592471e-01 1.575900000000000034e+02
4.850000000000000000e+02 1.866391752577319374e-01 9.051999999999999602e+01
4.860000000000000000e+02 1.287654320987654255e-01 6.257999999999999829e+01
4.880000000000000000e+02 1.350409836065573702e-02 6.589999999999999858e+00
4.840000000000000000e+02 1.578512396694214948e-02 7.640000000000000568e+00
4.800000000000000000e+02 5.660416666666667068e-02 2.717000000000000171e+01
4.810000000000000000e+02 1.042411642411642386e-01 5.014000000000000057e+01
4.850000000000000000e+02 2.755051546391752426e-01 1.336200000000000045e+02
4.870000000000000000e+02 3.847227926078028992e-01 1.873600000000000136e+02
4.900000000000000000e+02 4.736122448979591670e-01 2.320699999999999932e+02
4.890000000000000000e+02 1.439877300613496836e-01 7.040999999999999659e+01
4.880000000000000000e+02 4.356557377049179863e-02 2.125999999999999801e+01
4.860000000000000000e+02 4.461522633744855471e-01 2.168299999999999841e+02
4.850000000000000000e+02 2.875463917525773461e-01 1.394600000000000080e+02
4.880000000000000000e+02 2.424180327868852639e-02 1.183000000000000007e+01
4.870000000000000000e+02 4.714579055441478483e-02 2.296000000000000085e+01
4.840000000000000000e+02 2.330578512396694335e-01 1.128000000000000114e+02
4.860000000000000000e+02 7.718106995884772836e-02 3.750999999999999801e+01
4.890000000000000000e+02 1.431901840490797384e-01 7.001999999999999602e+01
4.860000000000000000e+02 2.548971193415637826e-01 1.238800000000000097e+02
4.870000000000000000e+02 5.244353182751539805e-02 2.553999999999999915e+01
4.860000000000000000e+02 1.504320987654320929e-01 7.310999999999999943e+01
4.850000000000000000e+02 2.573402061855669665e-01 1.248099999999999881e+02
