2.400000000000000000e+01 0.000000000000000000e+00 0.000000000000000000e+00
1.950000000000000000e+02 7.153282051282050524e+00 1.394889999999999873e+03
1.950000000000000000e+02 7.363538461538460922e+00 1.435889999999999873e+03
1.950000000000000000e+02 6.371025641025640951e+00 1.242349999999999909e+03
1.950000000000000000e+02 7.450051282051282087e+00 1.452759999999999991e+03
1.950000000000000000e+02 8.515589743589742966e+00 1.660539999999999964e+03
1.950000000000000000e+02 7.653538461538461846e+00 1.492440000000000055e+03
1.950000000000000000e+02 9.440307692307692733e+00 1.840860000000000127e+03
1.950000000000000000e+02 8.265897435897436196e+00 1.611849999999999909e+03
1.950000000000000000e+02 9.038615384615384940e+00 1.762530000000000200e+03
1.950000000000000000e+02 7.125846153846153719e+00 1.389539999999999964e+03
1.950000000000000000e+02 8.009487179487178921e+00 1.561849999999999909e+03
1.950000000000000000e+02 8.249487179487179134e+00 1.608650000000000091e+03
1.950000000000000000e+02 8.133435897435896678e+00 1.586019999999999982e+03
1.950000000000000000e+02 8.711641025641025493e+00 1.698769999999999982e+03
1.950000000000000000e+02 8.355948717948718851e+00 1.629410000000000309e+03
1.950000000000000000e+02 8.526666666666667282e+00 1.662700000000000045e+03
1.950000000000000000e+02 8.695794871794870318e+00 1.695679999999999836e+03
1.950000000000000000e+02 8.862666666666665805e+00 1.728219999999999800e+03
1.950000000000000000e+02 6.547948717948717245e+00 1.276849999999999909e+03
1.950000000000000000e+02 6.498153846153845059e+00 1.267139999999999873e+03
1.950000000000000000e+02 7.572615384615383860e+00 1.476659999999999854e+03
1.950000000000000000e+02 8.066051282051281746e+00 1.572880000000000109e+03
1.950000000000000000e+02 8.910974358974359077e+00 1.737639999999999873e+03
1.950000000000000000e+02 8.471076923076923393e+00 1.651860000000000127e+03
1.950000000000000000e+02 9.067743589743589183e+00 1.768210000000000036e+03
1.950000000000000000e+02 8.245179487179486344e+00 1.607809999999999945e+03
1.950000000000000000e+02 7.618256410256409872e+00 1.485559999999999945e+03
1.950000000000000000e+02 7.018102564102563612e+00 1.368529999999999973e+03
1.950000000000000000e+02 7.711897435897436814e+00 1.503820000000000164e+03
1.950000000000000000e+02 7.048461538461539000e+00 1.374450000000000045e+03
1.950000000000000000e+02 7.632974358974359497e+00 1.488430000000000064e+03
1.950000000000000000e+02 7.490974358974358260e+00 1.460739999999999782e+03
1.950000000000000000e+02 8.251641025641024640e+00 1.609069999999999936e+03
1.950000000000000000e+02 8.903179487179487595e+00 1.736120000000000118e+03
1.950000000000000000e+02 8.043230769230769184e+00 1.568429999999999836e+03
1.950000000000000000e+02 7.033794871794871284e+00 1.371589999999999918e+03
1.950000000000000000e+02 7.734615384615384670e+00 1.508250000000000000e+03
1.950000000000000000e+02 7.400051282051282264e+00 1.443009999999999991e+03
1.950000000000000000e+02 8.382564102564101560e+00 1.634599999999999909e+03
1.950000000000000000e+02 8.614153846153845606e+00 1.679759999999999991e+03
1.950000000000000000e+02 8.107897435897434946e+00 1.581039999999999964e+03
1.950000000000000000e+02 9.109076923076923293e+00 1.776269999999999982e+03
1.950000000000000000e+02 8.583282051282049352e+00 1.673739999999999782e+03
1.950000000000000000e+02 8.502358974358974919e+00 1.657960000000000036e+03
1.950000000000000000e+02 7.299589743589743662e+00 1.423420000000000073e+03
1.950000000000000000e+02 6.657589743589743314e+00 1.298230000000000018e+03
1.950000000000000000e+02 6.793589743589743435e+00 1.324750000000000000e+03
1.950000000000000000e+02 6.857179487179486443e+00 1.337149999999999864e+03
1.950000000000000000e+02 7.535846153846153861e+00 1.469490000000000009e+03
1.950000000000000000e+02 8.059435897435896834e+00 1.571589999999999918e+03
1.950000000000000000e+02 8.243999999999999773e+00 1.607579999999999927e+03
1.950000000000000000e+02 7.782923076923077055e+00 1.517670000000000073e+03
1.950000000000000000e+02 7.950512820512820156e+00 1.550349999999999909e+03
1.950000000000000000e+02 7.480205128205127174e+00 1.458639999999999873e+03
1.950000000000000000e+02 6.283487179487178942e+00 1.225279999999999973e+03
1.950000000000000000e+02 6.432102564102565090e+00 1.254260000000000218e+03
1.950000000000000000e+02 7.324666666666666437e+00 1.428309999999999945e+03
1.950000000000000000e+02 7.564512820512820035e+00 1.475079999999999927e+03
1.950000000000000000e+02 8.127641025641025863e+00 1.584889999999999873e+03
1.950000000000000000e+02 9.254666666666665265e+00 1.804659999999999854e+03
1.950000000000000000e+02 8.946923076923077645e+00 1.744650000000000091e+03
1.950000000000000000e+02 7.970769230769231939e+00 1.554300000000000182e+03
1.950000000000000000e+02 7.636564102564102896e+00 1.489130000000000109e+03
1.950000000000000000e+02 7.505487179487179361e+00 1.463569999999999936e+03
1.950000000000000000e+02 7.752564102564102555e+00 1.511750000000000000e+03
1.950000000000000000e+02 7.572256410256409609e+00 1.476589999999999918e+03
1.950000000000000000e+02 8.977794871794872122e+00 1.750670000000000073e+03
1.950000000000000000e+02 8.628307692307691568e+00 1.682519999999999982e+03
1.950000000000000000e+02 7.953692307692307395e+00 1.550970000000000027e+03
1.950000000000000000e+02 8.160102564102563960e+00 1.591219999999999800e+03
1.950000000000000000e+02 7.734512820512820852e+00 1.508230000000000018e+03
1.950000000000000000e+02 6.258512820512819985e+00 1.220409999999999854e+03
1.950000000000000000e+02 6.624923076923077581e+00 1.291860000000000127e+03
1.950000000000000000e+02 6.786358974358974727e+00 1.323340000000000146e+03
1.950000000000000000e+02 7.139384615384614108e+00 1.392179999999999836e+03
1.950000000000000000e+02 7.757179487179487687e+00 1.512650000000000091e+03
1.950000000000000000e+02 8.120923076923077133e+00 1.583579999999999927e+03
1.950000000000000000e+02 7.171641025641025458e+00 1.398470000000000027e+03
1.950000000000000000e+02 8.151025641025642088e+00 1.589450000000000045e+03
1.950000000000000000e+02 7.538974358974360079e+00 1.470100000000000136e+03
1.950000000000000000e+02 6.462871794871794862e+00 1.260259999999999991e+03
1.950000000000000000e+02 6.990461538461537394e+00 1.363139999999999873e+03
1.950000000000000000e+02 7.251538461538462599e+00 1.414050000000000182e+03
1.950000000000000000e+02 7.443128205128203945e+00 1.451409999999999854e+03
1.950000000000000000e+02 8.163435897435896038e+00 1.591869999999999891e+03
1.950000000000000000e+02 8.509794871794870375e+00 1.659409999999999854e+03
1.950000000000000000e+02 8.145487179487181706e+00 1.588370000000000346e+03
1.950000000000000000e+02 7.624820512820511986e+00 1.486839999999999918e+03
1.950000000000000000e+02 6.987846153846154706e+00 1.362630000000000109e+03
1.950000000000000000e+02 7.105794871794871348e+00 1.385629999999999882e+03
1.950000000000000000e+02 7.011384615384616659e+00 1.367220000000000255e+03
1.950000000000000000e+02 7.439435897435897616e+00 1.450690000000000055e+03
1.950000000000000000e+02 7.273025641025641974e+00 1.418240000000000236e+03
1.950000000000000000e+02 7.922512820512819687e+00 1.544889999999999873e+03
1.950000000000000000e+02 8.354153846153845819e+00 1.629059999999999945e+03
1.950000000000000000e+02 7.772410256410255514e+00 1.515619999999999891e+03
1.950000000000000000e+02 8.273999999999999133e+00 1.613429999999999836e+03
1.950000000000000000e+02 8.100256410256410078e+00 1.579549999999999955e+03
1.950000000000000000e+02 6.637384615384615216e+00 1.294289999999999964e+03
