2.400000000000000000e+01 0.000000000000000000e+00 0.000000000000000000e+00
1.950000000000000000e+02 9.123948717948717757e+00 1.779170000000000073e+03
1.950000000000000000e+02 8.749384615384615316e+00 1.706130000000000109e+03
1.950000000000000000e+02 8.769846153846154735e+00 1.710120000000000118e+03
1.950000000000000000e+02 9.012666666666666160e+00 1.757470000000000027e+03
1.950000000000000000e+02 9.009282051282051285e+00 1.756809999999999945e+03
1.950000000000000000e+02 8.810358974358974748e+00 1.718019999999999982e+03
1.950000000000000000e+02 8.458974358974359120e+00 1.649500000000000000e+03
1.950000000000000000e+02 8.231743589743590661e+00 1.605190000000000055e+03
1.950000000000000000e+02 8.682871794871795501e+00 1.693160000000000082e+03
1.950000000000000000e+02 8.357435897435896877e+00 1.629699999999999818e+03
1.950000000000000000e+02 8.471948717948718510e+00 1.652029999999999973e+03
1.950000000000000000e+02 7.414205128205128226e+00 1.445769999999999982e+03
1.950000000000000000e+02 7.678512820512819914e+00 1.497309999999999945e+03
1.950000000000000000e+02 8.145282051282050517e+00 1.588329999999999927e+03
1.950000000000000000e+02 7.144615384615384812e+00 1.393200000000000045e+03
1.950000000000000000e+02 7.661538461538461853e+00 1.494000000000000000e+03
1.950000000000000000e+02 7.806051282051281071e+00 1.522179999999999836e+03
1.950000000000000000e+02 7.945333333333334025e+00 1.549340000000000146e+03
1.950000000000000000e+02 8.692974358974359106e+00 1.695129999999999882e+03
1.950000000000000000e+02 8.892153846153844299e+00 1.733969999999999800e+03
1.950000000000000000e+02 8.424153846153846104e+00 1.642710000000000036e+03
1.950000000000000000e+02 8.539692307692305917e+00 1.665239999999999782e+03
1.950000000000000000e+02 8.927589743589743776e+00 1.740880000000000109e+03
1.950000000000000000e+02 8.432205128205129796e+00 1.644280000000000200e+03
1.950000000000000000e+02 8.639641025641026317e+00 1.684730000000000018e+03
1.950000000000000000e+02 8.376820512820513542e+00 1.633480000000000018e+03
1.950000000000000000e+02 9.058153846153846445e+00 1.766340000000000146e+03
1.950000000000000000e+02 8.509692307692308333e+00 1.659390000000000100e+03
1.950000000000000000e+02 8.577999999999999403e+00 1.672709999999999809e+03
1.950000000000000000e+02 8.759230769230770264e+00 1.708050000000000182e+03
1.950000000000000000e+02 8.672717948717950875e+00 1.691180000000000291e+03
1.950000000000000000e+02 8.680871794871796610e+00 1.692770000000000209e+03
1.950000000000000000e+02 8.936461538461538012e+00 1.742609999999999900e+03
1.950000000000000000e+02 9.317384615384614932e+00 1.816889999999999873e+03
1.950000000000000000e+02 8.301897435897435784e+00 1.618869999999999891e+03
1.950000000000000000e+02 9.103384615384614520e+00 1.775159999999999854e+03
1.950000000000000000e+02 8.369179487179486898e+00 1.631989999999999782e+03
1.950000000000000000e+02 8.134923076923076479e+00 1.586309999999999945e+03
1.950000000000000000e+02 8.328307692307692633e+00 1.624019999999999982e+03
1.950000000000000000e+02 7.948512820512820376e+00 1.549960000000000036e+03
1.950000000000000000e+02 7.868205128205127963e+00 1.534299999999999955e+03
1.950000000000000000e+02 8.383333333333332860e+00 1.634750000000000000e+03
1.950000000000000000e+02 8.505487179487181137e+00 1.658570000000000164e+03
1.950000000000000000e+02 7.050974358974359646e+00 1.374940000000000055e+03
1.950000000000000000e+02 7.451435897435896294e+00 1.453029999999999745e+03
1.950000000000000000e+02 7.804358974358973633e+00 1.521849999999999909e+03
1.950000000000000000e+02 7.572358974358975203e+00 1.476610000000000127e+03
1.950000000000000000e+02 7.979179487179486330e+00 1.555939999999999827e+03
1.950000000000000000e+02 8.818871794871794734e+00 1.719679999999999836e+03
1.950000000000000000e+02 8.233076923076923848e+00 1.605450000000000045e+03
1.950000000000000000e+02 8.043435897435896820e+00 1.568469999999999800e+03
1.950000000000000000e+02 8.907538461538461405e+00 1.736970000000000027e+03
1.950000000000000000e+02 9.219076923076922725e+00 1.797719999999999800e+03
1.950000000000000000e+02 7.807435897435896166e+00 1.522449999999999818e+03
1.950000000000000000e+02 8.641794871794871824e+00 1.685150000000000091e+03
1.950000000000000000e+02 9.306717948717947664e+00 1.814809999999999945e+03
1.950000000000000000e+02 8.507179487179486799e+00 1.658900000000000091e+03
1.950000000000000000e+02 9.413743589743589268e+00 1.835679999999999836e+03
1.950000000000000000e+02 9.054564102564102157e+00 1.765639999999999873e+03
1.950000000000000000e+02 8.147897435897435869e+00 1.588840000000000146e+03
1.950000000000000000e+02 7.800256410256410255e+00 1.521049999999999955e+03
1.950000000000000000e+02 8.470717948717949142e+00 1.651789999999999964e+03
1.950000000000000000e+02 8.749487179487179134e+00 1.706150000000000091e+03
1.950000000000000000e+02 8.222564102564103194e+00 1.603400000000000091e+03
1.950000000000000000e+02 9.052307692307691056e+00 1.765199999999999818e+03
1.950000000000000000e+02 9.416974358974359305e+00 1.836309999999999945e+03
1.950000000000000000e+02 8.620717948717947721e+00 1.681039999999999964e+03
1.950000000000000000e+02 9.108051282051283337e+00 1.776070000000000164e+03
1.950000000000000000e+02 9.160205128205127778e+00 1.786240000000000009e+03
1.950000000000000000e+02 8.800410256410255982e+00 1.716079999999999927e+03
1.950000000000000000e+02 7.785948717948717679e+00 1.518259999999999991e+03
1.950000000000000000e+02 7.796666666666665968e+00 1.520349999999999909e+03
1.950000000000000000e+02 8.275897435897435983e+00 1.613799999999999955e+03
1.950000000000000000e+02 8.918871794871794378e+00 1.739179999999999836e+03
1.950000000000000000e+02 8.521897435897436424e+00 1.661769999999999982e+03
1.950000000000000000e+02 7.950102564102563996e+00 1.550269999999999982e+03
1.950000000000000000e+02 7.242974358974358040e+00 1.412379999999999882e+03
1.950000000000000000e+02 7.796615384615384947e+00 1.520340000000000146e+03
1.950000000000000000e+02 7.416461538461538439e+00 1.446210000000000036e+03
1.950000000000000000e+02 7.443743589743590405e+00 1.451530000000000200e+03
1.950000000000000000e+02 7.583230769230769219e+00 1.478730000000000018e+03
1.950000000000000000e+02 7.303948717948717473e+00 1.424269999999999982e+03
1.950000000000000000e+02 7.026153846153845528e+00 1.370099999999999909e+03
1.950000000000000000e+02 7.818769230769230028e+00 1.524659999999999854e+03
1.950000000000000000e+02 7.786769230769230887e+00 1.518420000000000073e+03
1.950000000000000000e+02 7.519743589743589141e+00 1.466349999999999909e+03
1.950000000000000000e+02 8.088461538461539035e+00 1.577250000000000000e+03
1.950000000000000000e+02 8.491743589743590448e+00 1.655890000000000100e+03
1.950000000000000000e+02 8.224000000000000199e+00 1.603680000000000064e+03
1.950000000000000000e+02 8.275538461538461732e+00 1.613730000000000018e+03
1.950000000000000000e+02 8.926717948717948659e+00 1.740710000000000036e+03
1.950000000000000000e+02 8.416820512820514466e+00 1.641280000000000200e+03
1.950000000000000000e+02 8.662256410256411243e+00 1.689140000000000100e+03
1.950000000000000000e+02 9.150256410256410788e+00 1.784300000000000182e+03
1.950000000000000000e+02 9.099641025641025394e+00 1.774429999999999836e+03
1.950000000000000000e+02 8.846615384615384770e+00 1.725090000000000146e+03
1.950000000000000000e+02 8.784051282051281717e+00 1.712889999999999873e+03
1.950000000000000000e+02 9.004205128205128972e+00 1.755820000000000164e+03
1.950000000000000000e+02 9.176820512820512477e+00 1.789480000000000018e+03
