2.100000000000000000e+01 0.000000000000000000e+00 0.000000000000000000e+00
3.900000000000000000e+01 1.082589743589743669e+01 4.222100000000000364e+02
3.900000000000000000e+01 9.481282051282052592e+00 3.697700000000000387e+02
3.900000000000000000e+01 5.836153846153846914e+00 2.276100000000000136e+02
3.900000000000000000e+01 8.241282051282052379e+00 3.214100000000000250e+02
3.900000000000000000e+01 4.846410256410256245e+00 1.890099999999999909e+02
3.900000000000000000e+01 4.473589743589743151e+00 1.744699999999999989e+02
3.900000000000000000e+01 5.705128205128204399e+00 2.224999999999999716e+02
3.900000000000000000e+01 5.887948717948717992e+00 2.296299999999999955e+02
3.900000000000000000e+01 7.093076923076923279e+00 2.766299999999999955e+02
3.900000000000000000e+01 4.294358974358973846e+00 1.674799999999999898e+02
3.900000000000000000e+01 6.131538461538462492e+00 2.391300000000000239e+02
3.900000000000000000e+01 3.621794871794871806e+00 1.412500000000000000e+02
3.900000000000000000e+01 3.819230769230768985e+00 1.489499999999999886e+02
3.900000000000000000e+01 5.469487179487179773e+00 2.133100000000000023e+02
3.900000000000000000e+01 3.719230769230769340e+00 1.450500000000000114e+02
3.900000000000000000e+01 5.021538461538461284e+00 1.958399999999999750e+02
3.900000000000000000e+01 3.674102564102564639e+00 1.432900000000000205e+02
3.900000000000000000e+01 3.873076923076922640e+00 1.510499999999999829e+02
3.900000000000000000e+01 2.396153846153846079e+00 9.345000000000000284e+01
3.900000000000000000e+01 1.120512820512820529e+00 4.370000000000000284e+01
3.900000000000000000e+01 4.610512820512820298e+00 1.798100000000000023e+02
3.900000000000000000e+01 3.658974358974358854e+00 1.426999999999999886e+02
3.900000000000000000e+01 3.608205128205128176e+00 1.407199999999999989e+02
3.900000000000000000e+01 2.957948717948718276e+00 1.153600000000000136e+02
3.900000000000000000e+01 1.615384615384615197e+00 6.299999999999999289e+01
3.900000000000000000e+01 1.292051282051282168e+00 5.039000000000000057e+01
3.900000000000000000e+01 2.920000000000000373e+00 1.138800000000000097e+02
3.900000000000000000e+01 4.360000000000000320e+00 1.700400000000000205e+02
3.900000000000000000e+01 2.974871794871794872e+00 1.160199999999999960e+02
3.900000000000000000e+01 1.999487179487179578e+00 7.798000000000000398e+01
3.900000000000000000e+01 3.414871794871794375e+00 1.331799999999999784e+02
3.900000000000000000e+01 2.396923076923076934e+00 9.348000000000000398e+01
3.900000000000000000e+01 1.023589743589743639e+00 3.992000000000000171e+01
3.900000000000000000e+01 4.603589743589743932e+00 1.795400000000000205e+02
3.900000000000000000e+01 3.545128205128204701e+00 1.382599999999999909e+02
3.900000000000000000e+01 3.292051282051282612e+00 1.283900000000000148e+02
3.900000000000000000e+01 3.151282051282051633e+00 1.229000000000000057e+02
3.900000000000000000e+01 3.447692307692308056e+00 1.344600000000000080e+02
3.900000000000000000e+01 2.510769230769231086e+00 9.792000000000001592e+01
3.900000000000000000e+01 1.612307692307692220e+00 6.287999999999999545e+01
3.900000000000000000e+01 3.998461538461538289e+00 1.559399999999999977e+02
3.900000000000000000e+01 3.466153846153845475e+00 1.351799999999999784e+02
3.900000000000000000e+01 3.958461538461537810e+00 1.543799999999999670e+02
3.900000000000000000e+01 2.762564102564102342e+00 1.077399999999999949e+02
3.900000000000000000e+01 3.123076923076922640e+00 1.217999999999999829e+02
3.900000000000000000e+01 2.537435897435897481e+00 9.895999999999999375e+01
3.900000000000000000e+01 2.996410256410256601e+00 1.168599999999999994e+02
3.900000000000000000e+01 3.265641025641026207e+00 1.273600000000000136e+02
3.900000000000000000e+01 3.213846153846153353e+00 1.253399999999999892e+02
3.900000000000000000e+01 2.043076923076923457e+00 7.968000000000000682e+01
3.900000000000000000e+01 3.041282051282051757e+00 1.186100000000000136e+02
3.900000000000000000e+01 3.184358974358974859e+00 1.241900000000000119e+02
3.900000000000000000e+01 1.764615384615384697e+00 6.882000000000000739e+01
3.900000000000000000e+01 2.465641025641025497e+00 9.615999999999999659e+01
3.900000000000000000e+01 2.054615384615384510e+00 8.012999999999999545e+01
3.900000000000000000e+01 2.338717948717949024e+00 9.121000000000000796e+01
3.900000000000000000e+01 1.744615384615384457e+00 6.803999999999999204e+01
3.900000000000000000e+01 2.126410256410256050e+00 8.292999999999999261e+01
3.900000000000000000e+01 2.125384615384615206e+00 8.289000000000000057e+01
3.900000000000000000e+01 2.103333333333333499e+00 8.203000000000000114e+01
3.900000000000000000e+01 3.140512820512820547e+00 1.224800000000000040e+02
3.900000000000000000e+01 2.203333333333333144e+00 8.592999999999999261e+01
3.900000000000000000e+01 2.214871794871794641e+00 8.637999999999999545e+01
3.900000000000000000e+01 1.875897435897435850e+00 7.315999999999999659e+01
3.900000000000000000e+01 2.300512820512820689e+00 8.972000000000001307e+01
3.900000000000000000e+01 5.889743589743589025e-01 2.296999999999999886e+01
3.900000000000000000e+01 8.720512820512820173e-01 3.400999999999999801e+01
3.900000000000000000e+01 2.369487179487179240e+00 9.240999999999999659e+01
3.900000000000000000e+01 1.025128205128205128e+00 3.998000000000000398e+01
3.900000000000000000e+01 1.124358974358974361e+00 4.385000000000000142e+01
3.900000000000000000e+01 8.061538461538462208e-01 3.144000000000000128e+01
3.900000000000000000e+01 5.441025641025640791e-01 2.121999999999999886e+01
3.900000000000000000e+01 1.006410256410256387e+00 3.925000000000000000e+01
3.900000000000000000e+01 2.731025641025641271e+00 1.065100000000000051e+02
3.900000000000000000e+01 1.761538461538461720e+00 6.870000000000000284e+01
3.900000000000000000e+01 2.360256410256410753e+00 9.205000000000001137e+01
3.900000000000000000e+01 1.640769230769230536e+00 6.398999999999999488e+01
3.900000000000000000e+01 2.085641025641025603e+00 8.134000000000000341e+01
3.900000000000000000e+01 1.350769230769230944e+00 5.268000000000000682e+01
3.900000000000000000e+01 1.392564102564102679e+00 5.431000000000000227e+01
3.900000000000000000e+01 2.790256410256410469e+00 1.088200000000000074e+02
3.900000000000000000e+01 2.036153846153846647e+00 7.941000000000001080e+01
3.900000000000000000e+01 2.618717948717948385e+00 1.021299999999999955e+02
3.900000000000000000e+01 2.653846153846153300e+00 1.034999999999999858e+02
3.900000000000000000e+01 3.002564102564102999e+00 1.171000000000000085e+02
3.900000000000000000e+01 1.558717948717948776e+00 6.078999999999999915e+01
3.900000000000000000e+01 1.924871794871794606e+00 7.506999999999999318e+01
3.900000000000000000e+01 4.074615384615383640e+00 1.589099999999999682e+02
3.900000000000000000e+01 3.989743589743589780e+00 1.555999999999999943e+02
3.900000000000000000e+01 2.258717948717948953e+00 8.809000000000000341e+01
3.900000000000000000e+01 3.303589743589743666e+00 1.288400000000000034e+02
3.900000000000000000e+01 1.999230769230769145e+00 7.796999999999999886e+01
3.900000000000000000e+01 2.502564102564102555e+00 9.759999999999999432e+01
3.900000000000000000e+01 2.929999999999999716e+00 1.142699999999999818e+02
3.900000000000000000e+01 3.580256410256410060e+00 1.396299999999999955e+02
3.900000000000000000e+01 3.980769230769231282e+00 1.552500000000000284e+02
3.900000000000000000e+01 2.865384615384615419e+00 1.117500000000000000e+02
3.900000000000000000e+01 3.060769230769231353e+00 1.193700000000000188e+02
3.900000000000000000e+01 2.653076923076923332e+00 1.034700000000000131e+02
