2.400000000000000000e+01 0.000000000000000000e+00 0.000000000000000000e+00
5.000000000000000000e+02 3.935599999999999987e+00 1.967799999999999955e+03
5.880000000000000000e+02 1.740000000000000213e+00 1.023120000000000118e+03
6.190000000000000000e+02 1.684151857835217703e+00 1.042489999999999782e+03
6.280000000000000000e+02 1.074665605095541432e+00 6.748899999999999864e+02
6.320000000000000000e+02 7.110917721518986712e-01 4.494099999999999682e+02
6.330000000000000000e+02 9.813744075829384794e-01 6.212100000000000364e+02
6.330000000000000000e+02 5.862085308056872446e-01 3.710699999999999932e+02
6.330000000000000000e+02 6.470616113744075415e-01 4.095899999999999750e+02
6.330000000000000000e+02 6.363665086887836386e-01 4.028200000000000500e+02
6.350000000000000000e+02 7.346299212598424999e-01 4.664899999999999523e+02
6.350000000000000000e+02 9.497637795275590822e-01 6.031000000000000227e+02
6.350000000000000000e+02 3.229763779527559664e-01 2.050900000000000318e+02
6.370000000000000000e+02 2.314756671899528828e-01 1.474499999999999886e+02
6.380000000000000000e+02 7.538714733542318802e-01 4.809699999999999704e+02
6.380000000000000000e+02 8.354545454545454497e-01 5.330199999999999818e+02
6.380000000000000000e+02 6.934482758620689191e-01 4.424199999999999591e+02
6.490000000000000000e+02 7.345454545454546125e-01 4.767200000000000273e+02
6.490000000000000000e+02 5.627734976887519558e-01 3.652400000000000091e+02
6.500000000000000000e+02 4.272307692307692611e-02 2.777000000000000313e+01
6.530000000000000000e+02 3.099540581929556213e-02 2.024000000000000199e+01
6.540000000000000000e+02 9.819571865443424419e-02 6.421999999999999886e+01
6.510000000000000000e+02 1.140245775729646499e-01 7.422999999999998977e+01
6.560000000000000000e+02 4.835365853658536717e-02 3.171999999999999886e+01
6.570000000000000000e+02 8.248097412480974444e-02 5.418999999999999773e+01
6.590000000000000000e+02 7.218512898330804728e-02 4.757000000000000028e+01
6.560000000000000000e+02 1.780640243902439079e-01 1.168100000000000023e+02
6.560000000000000000e+02 7.199695121951220356e-02 4.723000000000000398e+01
6.570000000000000000e+02 2.478082191780821841e-01 1.628100000000000023e+02
6.580000000000000000e+02 2.327963525835866354e-01 1.531800000000000068e+02
6.600000000000000000e+02 4.890606060606060290e-01 3.227799999999999727e+02
6.580000000000000000e+02 3.434802431610942675e-01 2.260100000000000193e+02
6.590000000000000000e+02 1.439908952959028932e-01 9.489000000000000057e+01
6.570000000000000000e+02 2.222222222222221960e-02 1.459999999999999787e+01
6.540000000000000000e+02 3.558103975535168578e-02 2.327000000000000313e+01
6.540000000000000000e+02 1.899541284403669650e-01 1.242300000000000040e+02
6.550000000000000000e+02 1.484122137404580155e-01 9.720999999999999375e+01
6.600000000000000000e+02 1.695303030303030312e-01 1.118900000000000006e+02
6.580000000000000000e+02 3.175835866261398355e-01 2.089699999999999989e+02
6.590000000000000000e+02 3.823823975720789248e-01 2.519900000000000091e+02
6.590000000000000000e+02 1.540819423368740282e-01 1.015399999999999920e+02
6.610000000000000000e+02 2.686686838124053844e-01 1.775899999999999750e+02
6.580000000000000000e+02 6.158206686930092211e-01 4.052100000000000364e+02
6.620000000000000000e+02 3.267371601208459569e-02 2.163000000000000256e+01
6.600000000000000000e+02 2.055454545454545312e-01 1.356599999999999966e+02
6.620000000000000000e+02 1.585347432024169223e-01 1.049500000000000028e+02
6.630000000000000000e+02 1.856561085972850689e-01 1.230900000000000034e+02
6.650000000000000000e+02 2.125413533834586144e-01 1.413399999999999750e+02
6.660000000000000000e+02 1.224324324324324170e-01 8.153999999999999204e+01
6.660000000000000000e+02 3.007507507507507782e-02 2.003000000000000114e+01
6.620000000000000000e+02 1.173413897280966844e-01 7.768000000000000682e+01
6.620000000000000000e+02 1.141691842900302151e-01 7.557999999999999829e+01
6.640000000000000000e+02 5.603915662650602730e-02 3.721000000000000085e+01
6.600000000000000000e+02 2.618181818181817763e-02 1.727999999999999758e+01
6.570000000000000000e+02 9.273972602739725957e-02 6.092999999999999972e+01
6.610000000000000000e+02 9.143721633888046707e-02 6.043999999999999062e+01
6.600000000000000000e+02 9.601515151515152557e-02 6.337000000000000455e+01
6.560000000000000000e+02 9.565548780487805047e-02 6.275000000000000000e+01
6.580000000000000000e+02 4.667173252279636225e-02 3.071000000000000441e+01
6.590000000000000000e+02 5.511532625189682344e-01 3.632100000000000364e+02
6.570000000000000000e+02 1.928006088280060648e-01 1.266699999999999875e+02
6.610000000000000000e+02 2.503782148260211837e-01 1.655000000000000000e+02
6.610000000000000000e+02 1.164447806354009102e-01 7.696999999999999886e+01
6.630000000000000000e+02 7.719457013574661242e-02 5.118000000000000682e+01
6.580000000000000000e+02 1.192553191489361675e-01 7.846999999999999886e+01
6.620000000000000000e+02 4.247734138972809881e-02 2.812000000000000099e+01
6.590000000000000000e+02 9.884673748103184332e-02 6.513999999999998636e+01
6.630000000000000000e+02 2.421116138763197700e-01 1.605200000000000102e+02
6.640000000000000000e+02 1.665361445783132832e-01 1.105800000000000125e+02
6.650000000000000000e+02 8.775939849624060651e-02 5.835999999999999943e+01
6.650000000000000000e+02 2.446616541353383370e-02 1.626999999999999957e+01
6.630000000000000000e+02 2.965309200603318332e-02 1.966000000000000014e+01
6.620000000000000000e+02 2.768731117824773102e-01 1.832899999999999920e+02
6.630000000000000000e+02 1.363951734539969873e-01 9.043000000000000682e+01
6.630000000000000000e+02 1.374962292609351322e-01 9.115999999999999659e+01
6.620000000000000000e+02 9.287009063444109924e-02 6.148000000000000398e+01
6.600000000000000000e+02 1.617424242424242431e-01 1.067500000000000000e+02
6.610000000000000000e+02 3.111649016641452326e-01 2.056800000000000068e+02
6.620000000000000000e+02 3.819486404833836724e-01 2.528499999999999943e+02
6.620000000000000000e+02 1.241087613293051506e-01 8.216000000000001080e+01
6.600000000000000000e+02 3.419696969696969790e-02 2.257000000000000028e+01
6.600000000000000000e+02 9.292424242424242309e-02 6.132999999999999829e+01
6.630000000000000000e+02 1.085972850678733163e-02 7.200000000000001066e+00
6.640000000000000000e+02 2.101506024096385372e-01 1.395399999999999920e+02
6.640000000000000000e+02 1.344879518072289448e-01 8.930000000000001137e+01
6.670000000000000000e+02 2.866566716641679238e-02 1.912000000000000099e+01
6.660000000000000000e+02 1.930630630630630340e-01 1.285799999999999841e+02
6.660000000000000000e+02 1.017117117117117275e-01 6.774000000000000909e+01
6.650000000000000000e+02 3.948270676691729153e-01 2.625600000000000023e+02
6.660000000000000000e+02 2.259459459459459418e-01 1.504799999999999898e+02
6.680000000000000000e+02 6.038173652694610594e-01 4.033500000000000227e+02
6.680000000000000000e+02 4.863622754491017663e-01 3.248899999999999864e+02
6.680000000000000000e+02 8.970059880239521222e-02 5.992000000000000171e+01
6.680000000000000000e+02 3.755988023952095550e-02 2.508999999999999986e+01
6.650000000000000000e+02 7.066165413533834205e-02 4.698999999999999488e+01
6.600000000000000000e+02 1.240606060606060518e-01 8.187999999999999545e+01
6.630000000000000000e+02 1.930165912518853610e-01 1.279699999999999989e+02
6.670000000000000000e+02 1.102548725637181454e-01 7.354000000000000625e+01
6.630000000000000000e+02 6.998491704374057432e-02 4.639999999999999858e+01
6.640000000000000000e+02 3.771084337349397270e-02 2.503999999999999915e+01
