2.200000000000000000e+01 0.000000000000000000e+00 0.000000000000000000e+00
4.900000000000000000e+01 7.971224489795917911e+00 3.905899999999999750e+02
4.900000000000000000e+01 5.188367346938774993e+00 2.542299999999999898e+02
4.900000000000000000e+01 3.092448979591836178e+00 1.515299999999999727e+02
4.900000000000000000e+01 2.580612244897959151e+00 1.264499999999999886e+02
4.900000000000000000e+01 1.857142857142857206e+00 9.100000000000000000e+01
4.900000000000000000e+01 2.525306122448979451e+00 1.237399999999999949e+02
4.900000000000000000e+01 2.521632653061224083e+00 1.235599999999999881e+02
4.900000000000000000e+01 3.881836734693877577e+00 1.902100000000000080e+02
4.900000000000000000e+01 3.959999999999999964e+00 1.940399999999999920e+02
4.900000000000000000e+01 4.030408163265306598e+00 1.974900000000000091e+02
4.900000000000000000e+01 2.815714285714285836e+00 1.379699999999999989e+02
4.900000000000000000e+01 3.598979591836734659e+00 1.763499999999999943e+02
4.900000000000000000e+01 3.237346938775510274e+00 1.586299999999999955e+02
4.900000000000000000e+01 3.719795918367347021e+00 1.822700000000000102e+02
4.900000000000000000e+01 4.947346938775510239e+00 2.424199999999999875e+02
4.900000000000000000e+01 4.781836734693877489e+00 2.343100000000000023e+02
4.900000000000000000e+01 3.777142857142857579e+00 1.850800000000000125e+02
4.900000000000000000e+01 3.161224489795918302e+00 1.549000000000000057e+02
4.900000000000000000e+01 2.855510204081633141e+00 1.399200000000000159e+02
4.900000000000000000e+01 2.524693877551020371e+00 1.237100000000000080e+02
4.900000000000000000e+01 1.939183673469387914e+00 9.502000000000001023e+01
4.900000000000000000e+01 3.379999999999999893e+00 1.656200000000000045e+02
4.900000000000000000e+01 2.807142857142857384e+00 1.375500000000000114e+02
4.900000000000000000e+01 2.350816326530612344e+00 1.151899999999999977e+02
4.900000000000000000e+01 3.266734693877550999e+00 1.600699999999999932e+02
4.900000000000000000e+01 2.634285714285714342e+00 1.290800000000000125e+02
4.900000000000000000e+01 3.499387755102040920e+00 1.714699999999999989e+02
4.900000000000000000e+01 4.445510204081632111e+00 2.178299999999999841e+02
4.900000000000000000e+01 3.257142857142857117e+00 1.595999999999999943e+02
4.900000000000000000e+01 2.679387755102040636e+00 1.312899999999999920e+02
4.900000000000000000e+01 2.728367346938775473e+00 1.336899999999999977e+02
4.900000000000000000e+01 3.484489795918367605e+00 1.707400000000000091e+02
4.900000000000000000e+01 3.253469387755102193e+00 1.594200000000000159e+02
4.900000000000000000e+01 2.597755102040816055e+00 1.272899999999999920e+02
4.900000000000000000e+01 2.973469387755101945e+00 1.456999999999999886e+02
4.900000000000000000e+01 1.713673469387755111e+00 8.396999999999999886e+01
4.900000000000000000e+01 9.030612244897958663e-01 4.425000000000000000e+01
4.900000000000000000e+01 2.755102040816326259e-01 1.350000000000000000e+01
4.900000000000000000e+01 8.065306122448978599e-01 3.951999999999999602e+01
4.900000000000000000e+01 8.459183673469387044e-01 4.144999999999999574e+01
4.900000000000000000e+01 1.396938775510204067e+00 6.845000000000000284e+01
4.900000000000000000e+01 1.638163265306122440e+00 8.026999999999999602e+01
4.900000000000000000e+01 1.774489795918367196e+00 8.694999999999998863e+01
4.900000000000000000e+01 1.688775510204081565e+00 8.275000000000000000e+01
4.900000000000000000e+01 1.723877551020407850e+00 8.446999999999998465e+01
4.900000000000000000e+01 1.141224489795918506e+00 5.592000000000000881e+01
4.900000000000000000e+01 1.453877551020408276e+00 7.124000000000000909e+01
4.900000000000000000e+01 9.546938775510204200e-01 4.678000000000000114e+01
4.900000000000000000e+01 2.303877551020407921e+00 1.128899999999999864e+02
4.900000000000000000e+01 2.626122448979591795e+00 1.286800000000000068e+02
4.900000000000000000e+01 3.055918367346938780e+00 1.497400000000000091e+02
4.900000000000000000e+01 2.730408163265305888e+00 1.337899999999999920e+02
4.900000000000000000e+01 1.238163265306122529e+00 6.067000000000000171e+01
4.900000000000000000e+01 2.302244897959183856e+00 1.128100000000000023e+02
4.900000000000000000e+01 1.839795918367347127e+00 9.015000000000000568e+01
4.900000000000000000e+01 2.471836734693877435e+00 1.211200000000000045e+02
4.900000000000000000e+01 8.391836734693878253e-01 4.112000000000000455e+01
4.900000000000000000e+01 2.847959183673469674e+00 1.395500000000000114e+02
4.900000000000000000e+01 2.010204081632652962e+00 9.849999999999998579e+01
4.900000000000000000e+01 2.734489795918367605e+00 1.339900000000000091e+02
4.900000000000000000e+01 2.569999999999999840e+00 1.259299999999999926e+02
4.900000000000000000e+01 3.387142857142857011e+00 1.659699999999999989e+02
4.900000000000000000e+01 3.706326530612245040e+00 1.816100000000000136e+02
4.900000000000000000e+01 2.535510204081632857e+00 1.242400000000000091e+02
4.900000000000000000e+01 2.013877551020408330e+00 9.868000000000000682e+01
4.900000000000000000e+01 3.157142857142857029e+00 1.546999999999999886e+02
4.900000000000000000e+01 3.885102040816326596e+00 1.903700000000000045e+02
4.900000000000000000e+01 3.694897959183673919e+00 1.810500000000000114e+02
4.900000000000000000e+01 3.125306122448979096e+00 1.531399999999999864e+02
4.900000000000000000e+01 2.339591836734693509e+00 1.146399999999999864e+02
4.900000000000000000e+01 1.714897959183673493e+00 8.403000000000000114e+01
4.900000000000000000e+01 1.540816326530612290e+00 7.550000000000000000e+01
4.900000000000000000e+01 5.610204081632653716e-01 2.749000000000000199e+01
4.900000000000000000e+01 1.663877551020408241e+00 8.153000000000000114e+01
4.900000000000000000e+01 9.257142857142857117e-01 4.535999999999999943e+01
4.900000000000000000e+01 8.410204081632652873e-01 4.121000000000000085e+01
4.900000000000000000e+01 1.740408163265305896e+00 8.527999999999998693e+01
4.900000000000000000e+01 1.966938775510203907e+00 9.637999999999999545e+01
4.900000000000000000e+01 1.366122448979591786e+00 6.693999999999999773e+01
4.900000000000000000e+01 1.762857142857142678e+00 8.637999999999999545e+01
4.900000000000000000e+01 3.336734693877551061e-01 1.635000000000000142e+01
4.900000000000000000e+01 9.775510204081632182e-01 4.789999999999999858e+01
4.900000000000000000e+01 2.530816326530612503e+00 1.240100000000000051e+02
4.900000000000000000e+01 2.779795918367347074e+00 1.362100000000000080e+02
4.900000000000000000e+01 1.642857142857142794e+00 8.050000000000000000e+01
4.900000000000000000e+01 2.040612244897959116e+00 9.998999999999999488e+01
4.900000000000000000e+01 1.171632653061224438e+00 5.740999999999999659e+01
4.900000000000000000e+01 5.889795918367346506e-01 2.885999999999999943e+01
4.900000000000000000e+01 1.012244897959183598e+00 4.959999999999999432e+01
4.900000000000000000e+01 3.020408163265306256e-01 1.480000000000000071e+01
4.900000000000000000e+01 7.687755102040816357e-01 3.767000000000000171e+01
4.900000000000000000e+01 1.315510204081632883e+00 6.446000000000000796e+01
4.900000000000000000e+01 1.446326530612245032e+00 7.087000000000000455e+01
4.900000000000000000e+01 1.021020408163265225e+00 5.002999999999999403e+01
4.900000000000000000e+01 7.789795918367347083e-01 3.817000000000000171e+01
4.900000000000000000e+01 3.998367346938775935e+00 1.959200000000000159e+02
4.900000000000000000e+01 3.327142857142856958e+00 1.630300000000000011e+02
4.900000000000000000e+01 2.961428571428571299e+00 1.451099999999999852e+02
4.900000000000000000e+01 8.728571428571427759e-01 4.276999999999999602e+01
