2.400000000000000000e+01 0.000000000000000000e+00 0.000000000000000000e+00
5.820000000000000000e+02 7.865962199312714453e+00 4.577989999999999782e+03
7.340000000000000000e+02 4.095108991825613387e+00 3.005809999999999945e+03
7.550000000000000000e+02 3.621218543046357041e+00 2.734019999999999527e+03
7.660000000000000000e+02 3.106840731070496187e+00 2.379840000000000146e+03
7.770000000000000000e+02 2.765057915057914872e+00 2.148449999999999818e+03
7.770000000000000000e+02 2.707760617760618160e+00 2.103930000000000291e+03
7.770000000000000000e+02 2.281634491634491724e+00 1.772829999999999927e+03
7.810000000000000000e+02 2.550409731113956191e+00 1.991869999999999891e+03
7.870000000000000000e+02 2.093278271918678435e+00 1.647409999999999854e+03
7.900000000000000000e+02 2.152506329113923922e+00 1.700480000000000018e+03
7.900000000000000000e+02 1.992582278481012548e+00 1.574139999999999873e+03
7.900000000000000000e+02 2.025113924050633063e+00 1.599840000000000146e+03
7.900000000000000000e+02 1.763556962025316421e+00 1.393210000000000036e+03
7.900000000000000000e+02 1.870810126582278521e+00 1.477940000000000055e+03
7.900000000000000000e+02 1.975316455696202622e+00 1.560500000000000000e+03
7.900000000000000000e+02 1.738683544303797346e+00 1.373559999999999945e+03
7.900000000000000000e+02 1.963139240506329264e+00 1.550880000000000109e+03
7.900000000000000000e+02 2.079291139240506237e+00 1.642639999999999873e+03
7.900000000000000000e+02 2.085253164556962080e+00 1.647350000000000136e+03
7.900000000000000000e+02 1.812481012658227808e+00 1.431859999999999900e+03
7.900000000000000000e+02 1.890354430379747042e+00 1.493380000000000109e+03
7.900000000000000000e+02 1.867215189873417946e+00 1.475100000000000136e+03
7.900000000000000000e+02 2.157050632911392540e+00 1.704070000000000164e+03
7.900000000000000000e+02 2.368759493670886229e+00 1.871320000000000164e+03
7.900000000000000000e+02 2.247569620253164313e+00 1.775579999999999927e+03
7.900000000000000000e+02 2.020430379746835481e+00 1.596139999999999873e+03
7.900000000000000000e+02 2.188822784810126709e+00 1.729170000000000073e+03
7.900000000000000000e+02 2.135594936708860470e+00 1.687119999999999891e+03
7.900000000000000000e+02 1.948240506329114163e+00 1.539110000000000127e+03
7.900000000000000000e+02 1.961607594936708887e+00 1.549670000000000073e+03
7.900000000000000000e+02 2.160708860759493533e+00 1.706960000000000036e+03
7.900000000000000000e+02 2.298860759493670969e+00 1.816099999999999909e+03
7.900000000000000000e+02 2.348607594936708676e+00 1.855399999999999864e+03
7.900000000000000000e+02 2.277367088607594958e+00 1.799119999999999891e+03
7.900000000000000000e+02 2.022810126582278656e+00 1.598019999999999982e+03
7.900000000000000000e+02 2.135177215189873579e+00 1.686789999999999964e+03
7.900000000000000000e+02 2.164607594936708956e+00 1.710039999999999964e+03
7.900000000000000000e+02 1.851253164556962094e+00 1.462490000000000009e+03
7.900000000000000000e+02 2.264303797468354862e+00 1.788800000000000182e+03
7.900000000000000000e+02 2.294683544303797618e+00 1.812800000000000182e+03
7.900000000000000000e+02 2.381481012658227758e+00 1.881369999999999891e+03
7.900000000000000000e+02 2.122012658227848014e+00 1.676390000000000100e+03
7.900000000000000000e+02 2.111177215189873113e+00 1.667829999999999927e+03
7.900000000000000000e+02 2.279582278481012469e+00 1.800869999999999891e+03
7.900000000000000000e+02 2.061101265822784967e+00 1.628270000000000209e+03
7.900000000000000000e+02 2.104227848101265952e+00 1.662340000000000146e+03
7.900000000000000000e+02 2.188164556962025387e+00 1.728650000000000091e+03
7.900000000000000000e+02 1.923518987341772624e+00 1.519580000000000382e+03
7.900000000000000000e+02 2.092126582278480917e+00 1.652779999999999973e+03
7.900000000000000000e+02 2.089126582278481248e+00 1.650410000000000082e+03
7.900000000000000000e+02 2.271518987341772267e+00 1.794500000000000000e+03
7.900000000000000000e+02 2.242924050632911115e+00 1.771909999999999854e+03
7.900000000000000000e+02 2.516379746835442965e+00 1.987940000000000055e+03
7.900000000000000000e+02 2.237354430379746795e+00 1.767509999999999991e+03
7.900000000000000000e+02 2.347050632911392487e+00 1.854170000000000073e+03
7.900000000000000000e+02 2.374481012658228085e+00 1.875840000000000146e+03
7.900000000000000000e+02 2.118341772151898894e+00 1.673490000000000009e+03
7.900000000000000000e+02 2.092544303797468697e+00 1.653110000000000127e+03
7.900000000000000000e+02 2.274468354430379868e+00 1.796829999999999927e+03
7.900000000000000000e+02 2.293645569620253344e+00 1.811980000000000018e+03
7.900000000000000000e+02 2.538759493670886158e+00 2.005620000000000118e+03
7.900000000000000000e+02 2.264392405063291314e+00 1.788870000000000118e+03
7.900000000000000000e+02 2.248873417721519274e+00 1.776610000000000127e+03
7.900000000000000000e+02 2.308278481012658201e+00 1.823539999999999964e+03
7.900000000000000000e+02 2.431835443037974720e+00 1.921149999999999864e+03
7.900000000000000000e+02 2.354012658227847776e+00 1.859669999999999845e+03
7.900000000000000000e+02 2.292607594936709070e+00 1.811160000000000309e+03
7.900000000000000000e+02 2.217455696202531801e+00 1.751789999999999964e+03
7.900000000000000000e+02 2.560810126582278023e+00 2.023039999999999736e+03
7.900000000000000000e+02 2.050139240506329230e+00 1.619610000000000127e+03
7.900000000000000000e+02 2.201379746835443019e+00 1.739089999999999918e+03
7.900000000000000000e+02 2.533835443037974589e+00 2.001730000000000018e+03
7.900000000000000000e+02 2.105202531645569586e+00 1.663109999999999900e+03
7.900000000000000000e+02 2.356607594936708683e+00 1.861720000000000027e+03
7.900000000000000000e+02 2.460594936708860647e+00 1.943869999999999891e+03
7.900000000000000000e+02 2.393772151898734268e+00 1.891079999999999927e+03
7.900000000000000000e+02 2.022924050632911364e+00 1.598110000000000127e+03
7.900000000000000000e+02 2.064392405063291136e+00 1.630869999999999891e+03
7.900000000000000000e+02 1.835455696202531906e+00 1.450010000000000218e+03
7.900000000000000000e+02 2.039582278481012700e+00 1.611269999999999982e+03
7.900000000000000000e+02 1.818215189873417570e+00 1.436389999999999873e+03
7.900000000000000000e+02 1.946101265822784976e+00 1.537420000000000073e+03
7.900000000000000000e+02 2.164607594936708956e+00 1.710039999999999964e+03
7.900000000000000000e+02 2.256810126582278642e+00 1.782880000000000109e+03
7.900000000000000000e+02 2.447101265822784644e+00 1.933210000000000036e+03
7.900000000000000000e+02 2.015050632911392192e+00 1.591889999999999873e+03
7.900000000000000000e+02 2.052822784810126588e+00 1.621730000000000018e+03
7.900000000000000000e+02 2.490493670886075872e+00 1.967489999999999782e+03
7.900000000000000000e+02 2.120911392405063101e+00 1.675519999999999982e+03
7.900000000000000000e+02 2.145379746835442969e+00 1.694849999999999909e+03
7.900000000000000000e+02 2.206848101265822759e+00 1.743409999999999854e+03
7.900000000000000000e+02 2.414468354430379993e+00 1.907430000000000064e+03
7.900000000000000000e+02 2.301962025316456106e+00 1.818550000000000182e+03
7.900000000000000000e+02 2.297848101265822951e+00 1.815300000000000182e+03
7.900000000000000000e+02 2.202974683544303591e+00 1.740349999999999909e+03
7.900000000000000000e+02 2.249481012658227641e+00 1.777089999999999691e+03
7.900000000000000000e+02 2.336848101265822208e+00 1.846109999999999673e+03
7.900000000000000000e+02 2.299632911392404999e+00 1.816710000000000036e+03
7.900000000000000000e+02 2.375025316455696256e+00 1.876269999999999982e+03
