2.400000000000000000e+01 0.000000000000000000e+00 0.000000000000000000e+00
2.950000000000000000e+02 8.235728813559321182e+00 2.429539999999999964e+03
2.950000000000000000e+02 6.250338983050847119e+00 1.843849999999999909e+03
2.950000000000000000e+02 6.441152542372880596e+00 1.900139999999999873e+03
2.950000000000000000e+02 7.197118644067797000e+00 2.123150000000000091e+03
2.950000000000000000e+02 6.812644067796609804e+00 2.009730000000000018e+03
2.950000000000000000e+02 6.646372881355932627e+00 1.960680000000000064e+03
2.950000000000000000e+02 7.197796610169491238e+00 2.123349999999999909e+03
2.950000000000000000e+02 6.504101694915254583e+00 1.918710000000000036e+03
2.950000000000000000e+02 6.619898305084745083e+00 1.952869999999999891e+03
2.950000000000000000e+02 5.676949152542372978e+00 1.674700000000000045e+03
2.950000000000000000e+02 5.832644067796610265e+00 1.720630000000000109e+03
2.950000000000000000e+02 6.626983050847456092e+00 1.954959999999999582e+03
2.950000000000000000e+02 6.867559322033898184e+00 2.025929999999999836e+03
2.950000000000000000e+02 5.564677966101694295e+00 1.641579999999999927e+03
2.950000000000000000e+02 6.055457627118644659e+00 1.786360000000000127e+03
2.950000000000000000e+02 5.984847457627119560e+00 1.765530000000000200e+03
2.950000000000000000e+02 6.782406779661015683e+00 2.000809999999999718e+03
2.950000000000000000e+02 6.027932203389830157e+00 1.778239999999999782e+03
2.950000000000000000e+02 5.998203389830508492e+00 1.769470000000000027e+03
2.950000000000000000e+02 5.164508474576271269e+00 1.523529999999999973e+03
2.950000000000000000e+02 6.054847457627118068e+00 1.786179999999999836e+03
2.950000000000000000e+02 5.946779661016948992e+00 1.754299999999999955e+03
2.950000000000000000e+02 6.371016949152541464e+00 1.879449999999999818e+03
2.950000000000000000e+02 6.626000000000000334e+00 1.954670000000000073e+03
2.950000000000000000e+02 6.289355932203390509e+00 1.855360000000000127e+03
2.950000000000000000e+02 6.993830508474577101e+00 2.063180000000000291e+03
2.950000000000000000e+02 6.548508474576270721e+00 1.931809999999999945e+03
2.950000000000000000e+02 6.129796610169491622e+00 1.808289999999999964e+03
2.950000000000000000e+02 6.538813559322034230e+00 1.928950000000000045e+03
2.950000000000000000e+02 6.140508474576270359e+00 1.811449999999999818e+03
2.950000000000000000e+02 6.108406779661017083e+00 1.801980000000000018e+03
2.950000000000000000e+02 6.500677966101695127e+00 1.917700000000000045e+03
2.950000000000000000e+02 5.977050847457626936e+00 1.763230000000000018e+03
2.950000000000000000e+02 6.289966101694916212e+00 1.855540000000000191e+03
2.950000000000000000e+02 6.424881355932202887e+00 1.895339999999999918e+03
2.950000000000000000e+02 6.383389830508474638e+00 1.883100000000000136e+03
2.950000000000000000e+02 6.679118644067796318e+00 1.970339999999999918e+03
2.950000000000000000e+02 7.329694915254236776e+00 2.162259999999999764e+03
2.950000000000000000e+02 6.657355932203389948e+00 1.963920000000000073e+03
2.950000000000000000e+02 6.660474576271185221e+00 1.964839999999999691e+03
2.950000000000000000e+02 5.918203389830508421e+00 1.745869999999999891e+03
2.950000000000000000e+02 6.565050847457627015e+00 1.936690000000000055e+03
2.950000000000000000e+02 5.764033898305084058e+00 1.700389999999999873e+03
2.950000000000000000e+02 6.548508474576270721e+00 1.931809999999999945e+03
2.950000000000000000e+02 5.599322033898304518e+00 1.651799999999999955e+03
2.950000000000000000e+02 5.611864406779661252e+00 1.655500000000000000e+03
2.950000000000000000e+02 7.564949152542371991e+00 2.231659999999999854e+03
2.950000000000000000e+02 6.637762711864406029e+00 1.958139999999999873e+03
2.950000000000000000e+02 6.270135593220339310e+00 1.849690000000000055e+03
2.950000000000000000e+02 6.307220338983051455e+00 1.860630000000000109e+03
2.950000000000000000e+02 5.803084745762711272e+00 1.711909999999999854e+03
2.950000000000000000e+02 6.035864406779660740e+00 1.780579999999999927e+03
2.950000000000000000e+02 7.287491525423728689e+00 2.149809999999999945e+03
2.950000000000000000e+02 7.113491525423729200e+00 2.098480000000000018e+03
2.950000000000000000e+02 6.459152542372880390e+00 1.905449999999999818e+03
2.950000000000000000e+02 6.573898305084746596e+00 1.939300000000000182e+03
2.950000000000000000e+02 6.361355932203389685e+00 1.876599999999999909e+03
2.950000000000000000e+02 6.345525423728813230e+00 1.871929999999999836e+03
2.950000000000000000e+02 7.071254237288135513e+00 2.086019999999999982e+03
2.950000000000000000e+02 6.565898305084745701e+00 1.936940000000000055e+03
2.950000000000000000e+02 7.103796610169490933e+00 2.095619999999999891e+03
2.950000000000000000e+02 6.846677966101695212e+00 2.019770000000000209e+03
2.950000000000000000e+02 6.702237288135593829e+00 1.977160000000000082e+03
2.950000000000000000e+02 6.329966101694915359e+00 1.867340000000000146e+03
2.950000000000000000e+02 6.227694915254237351e+00 1.837170000000000073e+03
2.950000000000000000e+02 5.635525423728813266e+00 1.662480000000000018e+03
2.950000000000000000e+02 5.624237288135593538e+00 1.659150000000000091e+03
2.950000000000000000e+02 6.733186440677966011e+00 1.986289999999999964e+03
2.950000000000000000e+02 6.380915254237288003e+00 1.882369999999999891e+03
2.950000000000000000e+02 6.163355932203389287e+00 1.818189999999999827e+03
2.950000000000000000e+02 5.624033898305084378e+00 1.659089999999999918e+03
2.950000000000000000e+02 6.404067796610170227e+00 1.889200000000000273e+03
2.950000000000000000e+02 6.011796610169491295e+00 1.773480000000000018e+03
2.950000000000000000e+02 6.803322033898305143e+00 2.006980000000000018e+03
2.950000000000000000e+02 7.330779661016949333e+00 2.162579999999999927e+03
2.950000000000000000e+02 6.261830508474576007e+00 1.847240000000000009e+03
2.950000000000000000e+02 6.600813559322034507e+00 1.947240000000000236e+03
2.950000000000000000e+02 6.427423728813559833e+00 1.896090000000000146e+03
2.950000000000000000e+02 6.274474576271186876e+00 1.850970000000000255e+03
2.950000000000000000e+02 5.571186440677966090e+00 1.643500000000000000e+03
2.950000000000000000e+02 6.856542372881355263e+00 2.022679999999999836e+03
2.950000000000000000e+02 6.339932203389829546e+00 1.870279999999999745e+03
2.950000000000000000e+02 6.714745762711864074e+00 1.980849999999999909e+03
2.950000000000000000e+02 6.341491525423728071e+00 1.870739999999999782e+03
2.950000000000000000e+02 6.914338983050847709e+00 2.039730000000000018e+03
2.950000000000000000e+02 6.676135593220339004e+00 1.969460000000000036e+03
2.950000000000000000e+02 5.298813559322034017e+00 1.563150000000000091e+03
2.950000000000000000e+02 6.811830508474575829e+00 2.009489999999999782e+03
2.950000000000000000e+02 6.852067796610169736e+00 2.021360000000000127e+03
2.950000000000000000e+02 6.679932203389830292e+00 1.970579999999999927e+03
2.950000000000000000e+02 6.251288135593219053e+00 1.844129999999999654e+03
2.950000000000000000e+02 6.642440677966102491e+00 1.959520000000000209e+03
2.950000000000000000e+02 6.460610169491524779e+00 1.905879999999999882e+03
2.950000000000000000e+02 6.362847457627119674e+00 1.877040000000000191e+03
2.950000000000000000e+02 6.878338983050848121e+00 2.029110000000000127e+03
2.950000000000000000e+02 5.998610169491525923e+00 1.769590000000000146e+03
2.950000000000000000e+02 7.135898305084745097e+00 2.105089999999999691e+03
2.950000000000000000e+02 7.078237288135593275e+00 2.088079999999999927e+03
2.950000000000000000e+02 6.404101694915253162e+00 1.889209999999999809e+03
