2.400000000000000000e+01 0.000000000000000000e+00 0.000000000000000000e+00
5.210000000000000000e+02 3.339673704414586997e+00 1.739969999999999800e+03
5.930000000000000000e+02 1.746340640809443290e+00 1.035579999999999927e+03
6.110000000000000000e+02 1.728396072013093310e+00 1.056049999999999955e+03
6.240000000000000000e+02 1.311201923076923181e+00 8.181900000000000546e+02
6.380000000000000000e+02 9.728526645768026393e-01 6.206800000000000637e+02
6.410000000000000000e+02 9.435101404056162044e-01 6.047899999999999636e+02
6.420000000000000000e+02 9.504361370716511992e-01 6.101800000000000637e+02
6.420000000000000000e+02 8.795794392523363925e-01 5.646899999999999409e+02
6.420000000000000000e+02 8.913707165109033825e-01 5.722599999999999909e+02
6.430000000000000000e+02 8.579782270606532979e-01 5.516800000000000637e+02
6.430000000000000000e+02 5.616174183514774931e-01 3.611200000000000045e+02
6.510000000000000000e+02 2.398771121351766511e-01 1.561599999999999966e+02
6.520000000000000000e+02 8.138036809815951678e-02 5.306000000000000227e+01
6.520000000000000000e+02 3.509815950920244787e-01 2.288399999999999750e+02
6.510000000000000000e+02 7.764208909370199363e-01 5.054499999999999886e+02
6.510000000000000000e+02 5.933179723502304270e-01 3.862500000000000000e+02
6.520000000000000000e+02 9.828680981595092625e-01 6.408300000000000409e+02
6.580000000000000000e+02 6.053039513677811456e-01 3.982900000000000205e+02
6.580000000000000000e+02 1.232978723404255239e-01 8.112999999999999545e+01
6.570000000000000000e+02 4.330289193302891415e-02 2.844999999999999574e+01
6.550000000000000000e+02 4.770992366412214053e-02 3.125000000000000000e+01
6.560000000000000000e+02 4.601524390243902918e-01 3.018600000000000136e+02
6.560000000000000000e+02 2.930030487804877737e-01 1.922099999999999795e+02
6.570000000000000000e+02 1.640487062404870633e-01 1.077800000000000011e+02
6.560000000000000000e+02 2.899847560975609695e-01 1.902299999999999898e+02
6.570000000000000000e+02 5.802891933028919702e-01 3.812500000000000000e+02
6.590000000000000000e+02 2.080121396054628036e-01 1.370799999999999841e+02
6.560000000000000000e+02 1.488719512195122163e-01 9.766000000000001080e+01
6.540000000000000000e+02 3.321100917431193261e-02 2.172000000000000242e+01
6.520000000000000000e+02 7.769938650306748573e-02 5.065999999999999659e+01
6.450000000000000000e+02 1.405736434108527111e-01 9.067000000000000171e+01
6.460000000000000000e+02 1.530959752321981171e-01 9.889999999999999147e+01
6.520000000000000000e+02 1.631595092024539784e-01 1.063799999999999955e+02
6.500000000000000000e+02 1.442923076923076919e-01 9.378999999999999204e+01
6.500000000000000000e+02 1.372307692307692117e-01 8.919999999999998863e+01
6.510000000000000000e+02 6.348694316436251373e-02 4.132999999999999829e+01
6.500000000000000000e+02 1.433230769230769142e-01 9.315999999999999659e+01
6.490000000000000000e+02 3.704160246533128031e-02 2.404000000000000270e+01
6.510000000000000000e+02 1.028571428571428692e-01 6.696000000000000796e+01
6.500000000000000000e+02 1.228615384615384803e-01 7.986000000000001364e+01
6.500000000000000000e+02 5.740000000000000657e-02 3.731000000000000227e+01
6.520000000000000000e+02 3.512269938650306594e-02 2.289999999999999858e+01
6.510000000000000000e+02 8.411674347158218379e-02 5.475999999999999801e+01
6.500000000000000000e+02 1.388000000000000067e-01 9.021999999999999886e+01
6.490000000000000000e+02 1.091987673343605553e-01 7.087000000000000455e+01
6.420000000000000000e+02 9.794392523364485459e-02 6.287999999999999545e+01
6.450000000000000000e+02 3.556589147286821906e-02 2.294000000000000128e+01
6.510000000000000000e+02 2.044239631336405294e-01 1.330799999999999841e+02
6.520000000000000000e+02 2.243711656441718105e-01 1.462900000000000205e+02
6.490000000000000000e+02 1.442218798151001513e-02 9.359999999999999432e+00
6.500000000000000000e+02 2.882153846153845955e-01 1.873400000000000034e+02
6.460000000000000000e+02 1.587306501547987581e-01 1.025400000000000063e+02
6.480000000000000000e+02 3.305555555555555330e-02 2.141999999999999815e+01
6.490000000000000000e+02 1.656240369799691914e-01 1.074900000000000091e+02
6.470000000000000000e+02 1.479443585780525483e-01 9.571999999999999886e+01
6.530000000000000000e+02 3.208269525267994082e-02 2.094999999999999929e+01
6.510000000000000000e+02 1.707526881720430045e-01 1.111599999999999966e+02
6.500000000000000000e+02 1.306153846153846332e-01 8.490000000000000568e+01
6.540000000000000000e+02 2.366972477064220245e-02 1.548000000000000043e+01
6.510000000000000000e+02 1.060829493087557668e-01 6.906000000000000227e+01
6.520000000000000000e+02 2.182668711656441662e-01 1.423100000000000023e+02
6.520000000000000000e+02 9.809815950920244831e-02 6.395999999999999375e+01
6.560000000000000000e+02 9.448170731707317138e-02 6.197999999999999687e+01
6.590000000000000000e+02 1.399089529590288351e-02 9.220000000000000639e+00
6.480000000000000000e+02 1.339197530864197627e-01 8.678000000000000114e+01
6.510000000000000000e+02 2.742549923195085060e-01 1.785400000000000205e+02
6.520000000000000000e+02 1.203374233128834542e-01 7.846000000000000796e+01
6.520000000000000000e+02 7.746932515337423553e-02 5.050999999999999801e+01
6.500000000000000000e+02 1.806153846153846221e-02 1.174000000000000021e+01
6.480000000000000000e+02 6.226851851851852165e-02 4.035000000000000142e+01
6.520000000000000000e+02 2.200306748466257234e-01 1.434599999999999795e+02
6.540000000000000000e+02 1.178134556574923497e-01 7.704999999999999716e+01
6.580000000000000000e+02 3.146656534954406781e-01 2.070499999999999829e+02
6.590000000000000000e+02 2.860849772382397793e-01 1.885300000000000011e+02
6.590000000000000000e+02 1.444309559939302157e-01 9.518000000000000682e+01
6.560000000000000000e+02 1.938567073170731625e-01 1.271699999999999875e+02
6.550000000000000000e+02 2.296183206106870017e-02 1.503999999999999915e+01
6.510000000000000000e+02 1.696620583717357855e-01 1.104500000000000028e+02
6.520000000000000000e+02 2.796012269938650402e-02 1.823000000000000043e+01
6.540000000000000000e+02 2.264525993883791805e-02 1.480999999999999872e+01
6.570000000000000000e+02 1.682343987823440024e-01 1.105300000000000011e+02
6.570000000000000000e+02 1.063926940639269431e-01 6.990000000000000568e+01
6.560000000000000000e+02 6.449695121951219690e-02 4.231000000000000227e+01
6.570000000000000000e+02 3.992389649923896305e-02 2.622999999999999687e+01
6.540000000000000000e+02 1.977064220183486279e-02 1.292999999999999972e+01
6.520000000000000000e+02 2.878834355828220268e-02 1.876999999999999602e+01
6.500000000000000000e+02 2.326153846153846197e-02 1.511999999999999922e+01
6.520000000000000000e+02 4.774539877300613966e-02 3.113000000000000256e+01
6.570000000000000000e+02 2.193455098934550818e-01 1.441099999999999852e+02
6.550000000000000000e+02 7.728244274809159542e-02 5.061999999999999744e+01
6.550000000000000000e+02 1.451603053435114588e-01 9.508000000000001251e+01
6.560000000000000000e+02 1.644512195121951015e-01 1.078799999999999955e+02
6.580000000000000000e+02 2.818996960486322423e-01 1.854900000000000091e+02
6.580000000000000000e+02 4.253191489361702327e-01 2.798600000000000136e+02
6.570000000000000000e+02 4.563622526636225696e-01 2.998300000000000409e+02
6.570000000000000000e+02 6.383561643835616861e-01 4.194000000000000341e+02
6.560000000000000000e+02 1.799390243902438957e-01 1.180399999999999920e+02
6.560000000000000000e+02 4.885670731707316555e-02 3.204999999999999716e+01
6.560000000000000000e+02 9.972560975609756628e-02 6.542000000000000171e+01
