2.100000000000000000e+01 0.000000000000000000e+00 0.000000000000000000e+00
3.900000000000000000e+01 6.810256410256410931e+00 2.656000000000000227e+02
3.900000000000000000e+01 4.987179487179487225e+00 1.945000000000000000e+02
3.900000000000000000e+01 2.613589743589743719e+00 1.019300000000000068e+02
3.900000000000000000e+01 2.565384615384615152e+00 1.000499999999999972e+02
3.900000000000000000e+01 1.937692307692307603e+00 7.556999999999999318e+01
3.900000000000000000e+01 2.761794871794871487e+00 1.077099999999999795e+02
3.900000000000000000e+01 3.703076923076923599e+00 1.444200000000000159e+02
3.900000000000000000e+01 3.134358974358974592e+00 1.222400000000000091e+02
3.900000000000000000e+01 5.119743589743589673e+00 1.996699999999999875e+02
3.900000000000000000e+01 4.884871794871794570e+00 1.905099999999999909e+02
3.900000000000000000e+01 5.706666666666666110e+00 2.225599999999999739e+02
3.900000000000000000e+01 3.680512820512820138e+00 1.435399999999999920e+02
3.900000000000000000e+01 4.273589743589743861e+00 1.666700000000000159e+02
3.900000000000000000e+01 5.391794871794872712e+00 2.102800000000000296e+02
3.900000000000000000e+01 6.857179487179487332e+00 2.674300000000000068e+02
3.900000000000000000e+01 6.801538461538462421e+00 2.652600000000000477e+02
3.900000000000000000e+01 6.169999999999999929e+00 2.406299999999999955e+02
3.900000000000000000e+01 4.760512820512820653e+00 1.856599999999999966e+02
3.900000000000000000e+01 4.781794871794872392e+00 1.864900000000000091e+02
3.900000000000000000e+01 5.301025641025641555e+00 2.067400000000000091e+02
3.900000000000000000e+01 4.045384615384615579e+00 1.577700000000000102e+02
3.900000000000000000e+01 4.199230769230769766e+00 1.637700000000000102e+02
3.900000000000000000e+01 3.778205128205128993e+00 1.473500000000000227e+02
3.900000000000000000e+01 4.498974358974358267e+00 1.754599999999999795e+02
3.900000000000000000e+01 2.295897435897436001e+00 8.954000000000000625e+01
3.900000000000000000e+01 4.246666666666667034e+00 1.656200000000000045e+02
3.900000000000000000e+01 3.503333333333333410e+00 1.366299999999999955e+02
3.900000000000000000e+01 3.865128205128205430e+00 1.507400000000000091e+02
3.900000000000000000e+01 2.732564102564102537e+00 1.065700000000000074e+02
3.900000000000000000e+01 2.125641025641025639e+00 8.290000000000000568e+01
3.900000000000000000e+01 2.436153846153846114e+00 9.501000000000000512e+01
3.900000000000000000e+01 3.327179487179487083e+00 1.297599999999999909e+02
3.900000000000000000e+01 3.889743589743590135e+00 1.517000000000000171e+02
3.900000000000000000e+01 3.916153846153846541e+00 1.527300000000000182e+02
3.900000000000000000e+01 3.700512820512820156e+00 1.443199999999999932e+02
3.900000000000000000e+01 2.616153846153845830e+00 1.020299999999999869e+02
3.900000000000000000e+01 1.165384615384615463e+00 4.545000000000000284e+01
3.900000000000000000e+01 8.251282051282051722e-01 3.217999999999999972e+01
3.900000000000000000e+01 1.751282051282051277e+00 6.829999999999999716e+01
3.900000000000000000e+01 1.117435897435897330e+00 4.357999999999999829e+01
3.900000000000000000e+01 1.219743589743589762e+00 4.757000000000000028e+01
3.900000000000000000e+01 9.023076923076922551e-01 3.518999999999999773e+01
3.900000000000000000e+01 2.437948717948718258e+00 9.508000000000001251e+01
3.900000000000000000e+01 2.690512820512820369e+00 1.049299999999999926e+02
3.900000000000000000e+01 2.749230769230769145e+00 1.072199999999999989e+02
3.900000000000000000e+01 2.158461538461537987e+00 8.417999999999997840e+01
3.900000000000000000e+01 2.119999999999999662e+00 8.267999999999999261e+01
3.900000000000000000e+01 2.910512820512820120e+00 1.135099999999999909e+02
3.900000000000000000e+01 3.658205128205128442e+00 1.426700000000000159e+02
3.900000000000000000e+01 3.468461538461538041e+00 1.352699999999999818e+02
3.900000000000000000e+01 3.538461538461538325e+00 1.380000000000000000e+02
3.900000000000000000e+01 3.708717948717948243e+00 1.446399999999999864e+02
3.900000000000000000e+01 2.927435897435898049e+00 1.141700000000000159e+02
3.900000000000000000e+01 2.953333333333333144e+00 1.151799999999999926e+02
3.900000000000000000e+01 3.016923076923077041e+00 1.176599999999999966e+02
3.900000000000000000e+01 2.723846153846154028e+00 1.062300000000000040e+02
3.900000000000000000e+01 3.141538461538461835e+00 1.225200000000000102e+02
3.900000000000000000e+01 1.791538461538461746e+00 6.987000000000000455e+01
3.900000000000000000e+01 2.849487179487179667e+00 1.111300000000000097e+02
3.900000000000000000e+01 4.206410256410256565e+00 1.640500000000000114e+02
3.900000000000000000e+01 4.103076923076923066e+00 1.600200000000000102e+02
3.900000000000000000e+01 4.668974358974359085e+00 1.820900000000000034e+02
3.900000000000000000e+01 4.891538461538461391e+00 1.907700000000000102e+02
3.900000000000000000e+01 3.812051282051281742e+00 1.486699999999999875e+02
3.900000000000000000e+01 3.314615384615384297e+00 1.292699999999999818e+02
3.900000000000000000e+01 5.505384615384614655e+00 2.147099999999999795e+02
3.900000000000000000e+01 5.398461538461538645e+00 2.105400000000000205e+02
3.900000000000000000e+01 4.719230769230768452e+00 1.840499999999999829e+02
3.900000000000000000e+01 3.654358974358974610e+00 1.425200000000000102e+02
3.900000000000000000e+01 3.086153846153846025e+00 1.203599999999999994e+02
3.900000000000000000e+01 1.444871794871794846e+00 5.635000000000000142e+01
3.900000000000000000e+01 7.602564102564102200e-01 2.964999999999999858e+01
3.900000000000000000e+01 1.290000000000000036e+00 5.031000000000000227e+01
3.900000000000000000e+01 8.371794871794873139e-01 3.265000000000000568e+01
3.900000000000000000e+01 8.223076923076922951e-01 3.207000000000000028e+01
3.900000000000000000e+01 1.306153846153845999e+00 5.093999999999999773e+01
3.900000000000000000e+01 2.376410256410256494e+00 9.268000000000000682e+01
3.900000000000000000e+01 2.681282051282050993e+00 1.045699999999999932e+02
3.900000000000000000e+01 2.792051282051282168e+00 1.088900000000000006e+02
3.900000000000000000e+01 2.001538461538461711e+00 7.806000000000000227e+01
3.900000000000000000e+01 2.477692307692307416e+00 9.662999999999999545e+01
3.900000000000000000e+01 2.963076923076922942e+00 1.155599999999999881e+02
3.900000000000000000e+01 4.752820512820512100e+00 1.853599999999999852e+02
3.900000000000000000e+01 4.196666666666666323e+00 1.636699999999999875e+02
3.900000000000000000e+01 3.839230769230769003e+00 1.497299999999999898e+02
3.900000000000000000e+01 3.026666666666666394e+00 1.180399999999999920e+02
3.900000000000000000e+01 2.938205128205128247e+00 1.145900000000000034e+02
3.900000000000000000e+01 1.884871794871794570e+00 7.350999999999999091e+01
3.900000000000000000e+01 1.364102564102564141e+00 5.320000000000000284e+01
3.900000000000000000e+01 2.950769230769230145e+00 1.150799999999999841e+02
3.900000000000000000e+01 1.554358974358974299e+00 6.061999999999999744e+01
3.900000000000000000e+01 2.050256410256410255e+00 7.996000000000000796e+01
3.900000000000000000e+01 1.617948717948717752e+00 6.309999999999999432e+01
3.900000000000000000e+01 1.455384615384615055e+00 5.675999999999999091e+01
3.900000000000000000e+01 2.413589743589743986e+00 9.413000000000000966e+01
3.900000000000000000e+01 2.949487179487179311e+00 1.150300000000000011e+02
3.900000000000000000e+01 2.838717948717949024e+00 1.107100000000000080e+02
3.900000000000000000e+01 3.207692307692307843e+00 1.251000000000000085e+02
3.900000000000000000e+01 2.200256410256410167e+00 8.581000000000000227e+01
