1.400000000000000000e+01 0.000000000000000000e+00 0.000000000000000000e+00
1.900000000000000000e+01 6.853157894736842337e+00 1.302100000000000080e+02
1.900000000000000000e+01 4.031052631578947221e+00 7.659000000000000341e+01
1.900000000000000000e+01 4.705263157894736814e+00 8.940000000000000568e+01
1.900000000000000000e+01 8.699473684210525803e+00 1.652899999999999920e+02
1.900000000000000000e+01 4.831578947368421417e+00 9.180000000000001137e+01
1.900000000000000000e+01 5.467368421052631433e+00 1.038799999999999955e+02
1.900000000000000000e+01 4.409999999999999254e+00 8.378999999999999204e+01
1.900000000000000000e+01 6.104736842105263683e+00 1.159900000000000091e+02
1.900000000000000000e+01 5.713157894736841769e+00 1.085499999999999972e+02
1.900000000000000000e+01 3.392105263157894068e+00 6.444999999999998863e+01
1.900000000000000000e+01 3.107894736842105043e+00 5.904999999999999716e+01
1.900000000000000000e+01 4.332631578947368389e+00 8.231999999999999318e+01
1.900000000000000000e+01 3.533684210526315983e+00 6.714000000000000057e+01
1.900000000000000000e+01 2.725263157894736832e+00 5.178000000000000114e+01
1.900000000000000000e+01 3.926842105263157912e+00 7.460999999999999943e+01
1.900000000000000000e+01 3.776842105263157556e+00 7.175999999999999091e+01
1.900000000000000000e+01 2.818421052631578938e+00 5.354999999999999716e+01
1.900000000000000000e+01 2.949473684210526692e+00 5.604000000000000625e+01
1.900000000000000000e+01 4.910526315789473517e-01 9.330000000000000071e+00
1.900000000000000000e+01 1.783684210526315761e+00 3.389000000000000057e+01
1.900000000000000000e+01 3.214736842105263115e+00 6.107999999999999829e+01
1.900000000000000000e+01 2.754736842105263150e+00 5.233999999999999631e+01
1.900000000000000000e+01 3.062631578947368372e+00 5.818999999999999773e+01
1.900000000000000000e+01 2.253157894736842248e+00 4.281000000000000227e+01
1.900000000000000000e+01 5.159999999999999254e+00 9.803999999999999204e+01
1.900000000000000000e+01 5.190000000000000391e+00 9.860999999999999943e+01
1.900000000000000000e+01 2.201052631578947594e+00 4.182000000000000028e+01
1.900000000000000000e+01 3.987368421052631007e+00 7.575999999999999091e+01
1.900000000000000000e+01 3.420000000000000373e+00 6.498000000000000398e+01
1.900000000000000000e+01 5.128947368421052921e+00 9.745000000000000284e+01
1.900000000000000000e+01 3.313684210526315344e+00 6.295999999999999375e+01
1.900000000000000000e+01 4.721052631578947612e+00 8.970000000000000284e+01
1.900000000000000000e+01 6.323684210526316463e+00 1.201500000000000057e+02
1.900000000000000000e+01 3.773157894736841822e+00 7.168999999999999773e+01
1.900000000000000000e+01 3.360526315789473806e+00 6.385000000000000142e+01
1.900000000000000000e+01 3.498947368421053028e+00 6.648000000000000398e+01
1.900000000000000000e+01 4.543684210526315326e+00 8.632999999999999829e+01
1.900000000000000000e+01 5.300526315789474197e+00 1.007100000000000080e+02
1.900000000000000000e+01 3.550526315789474197e+00 6.746000000000000796e+01
1.900000000000000000e+01 4.321052631578947256e+00 8.209999999999999432e+01
1.900000000000000000e+01 3.657368421052632268e+00 6.949000000000000909e+01
1.900000000000000000e+01 4.467894736842104919e+00 8.489000000000000057e+01
1.900000000000000000e+01 4.719473684210527153e+00 8.967000000000001592e+01
1.900000000000000000e+01 3.920000000000000373e+00 7.448000000000000398e+01
1.900000000000000000e+01 6.368947368421053135e+00 1.210100000000000051e+02
1.900000000000000000e+01 2.719473684210526265e+00 5.167000000000000171e+01
1.900000000000000000e+01 5.386315789473684390e+00 1.023400000000000034e+02
1.900000000000000000e+01 3.598947368421052229e+00 6.837999999999999545e+01
1.900000000000000000e+01 3.948947368421052762e+00 7.503000000000000114e+01
1.900000000000000000e+01 5.241052631578947185e+00 9.957999999999999829e+01
1.900000000000000000e+01 3.004210526315789220e+00 5.707999999999999829e+01
1.900000000000000000e+01 4.366315789473684816e+00 8.296000000000000796e+01
1.900000000000000000e+01 6.768421052631579116e-01 1.285999999999999943e+01
1.900000000000000000e+01 2.701052631578947594e+00 5.132000000000000028e+01
1.900000000000000000e+01 3.200526315789473220e+00 6.080999999999999517e+01
1.900000000000000000e+01 3.578421052631579613e+00 6.799000000000000909e+01
1.900000000000000000e+01 4.881052631578946865e+00 9.273999999999999488e+01
1.900000000000000000e+01 1.849999999999999867e+00 3.514999999999999858e+01
1.900000000000000000e+01 3.170526315789473859e+00 6.024000000000000199e+01
1.900000000000000000e+01 4.048947368421052850e+00 7.693000000000000682e+01
1.900000000000000000e+01 7.294736842105262742e-01 1.385999999999999943e+01
1.900000000000000000e+01 4.958421052631579506e+00 9.421000000000000796e+01
1.900000000000000000e+01 1.274736842105263168e+00 2.421999999999999886e+01
1.900000000000000000e+01 4.110000000000000320e+00 7.809000000000000341e+01
1.900000000000000000e+01 1.633157894736842142e+00 3.103000000000000114e+01
1.900000000000000000e+01 3.130526315789473824e+00 5.948000000000000398e+01
1.900000000000000000e+01 3.426315789473683981e+00 6.509999999999999432e+01
1.900000000000000000e+01 2.675789473684210495e+00 5.083999999999999631e+01
1.900000000000000000e+01 4.388947368421052708e+00 8.339000000000000057e+01
1.900000000000000000e+01 2.489473684210526727e+00 4.730000000000000426e+01
1.900000000000000000e+01 4.580000000000000071e+00 8.701999999999999602e+01
1.900000000000000000e+01 3.247368421052631238e+00 6.169999999999999574e+01
1.900000000000000000e+01 2.878421052631578991e+00 5.468999999999999773e+01
1.900000000000000000e+01 5.014736842105263825e+00 9.528000000000001535e+01
1.900000000000000000e+01 1.151578947368421257e+00 2.188000000000000256e+01
1.900000000000000000e+01 4.848947368421052673e+00 9.212999999999999545e+01
1.900000000000000000e+01 3.021052631578947434e+00 5.739999999999999858e+01
1.900000000000000000e+01 3.660000000000000142e+00 6.954000000000000625e+01
1.900000000000000000e+01 5.409473684210526656e+00 1.027800000000000011e+02
1.900000000000000000e+01 2.651578947368421257e+00 5.038000000000000256e+01
1.900000000000000000e+01 4.162105263157894974e+00 7.907999999999999829e+01
1.900000000000000000e+01 1.889473684210526194e+00 3.589999999999999858e+01
1.900000000000000000e+01 4.345789473684210868e+00 8.257000000000000739e+01
1.900000000000000000e+01 6.142631578947368887e+00 1.167100000000000080e+02
1.900000000000000000e+01 3.532105263157895525e+00 6.711000000000001364e+01
1.900000000000000000e+01 3.848421052631579187e+00 7.312000000000000455e+01
1.900000000000000000e+01 2.228947368421052122e+00 4.234999999999999432e+01
1.900000000000000000e+01 4.517894736842105630e+00 8.584000000000000341e+01
1.900000000000000000e+01 5.319473684210525910e+00 1.010699999999999932e+02
1.900000000000000000e+01 1.642631578947368443e+00 3.121000000000000085e+01
1.900000000000000000e+01 4.747368421052630794e+00 9.019999999999998863e+01
1.900000000000000000e+01 0.000000000000000000e+00 0.000000000000000000e+00
1.900000000000000000e+01 3.920526315789474303e+00 7.449000000000000909e+01
1.900000000000000000e+01 2.978421052631579080e+00 5.659000000000000341e+01
1.900000000000000000e+01 1.861578947368421222e+00 3.537000000000000455e+01
1.900000000000000000e+01 5.598421052631579187e+00 1.063700000000000045e+02
1.900000000000000000e+01 1.422105263157894761e+00 2.701999999999999957e+01
1.900000000000000000e+01 3.733157894736842675e+00 7.093000000000000682e+01
1.900000000000000000e+01 4.121052631578947079e+00 7.829999999999999716e+01
