2.200000000000000000e+01 0.000000000000000000e+00 0.000000000000000000e+00
5.900000000000000000e+01 6.854067796610170404e+00 4.043900000000000432e+02
5.900000000000000000e+01 4.581864406779660115e+00 2.703299999999999272e+02
5.900000000000000000e+01 1.736949152542373254e+00 1.024800000000000182e+02
5.900000000000000000e+01 3.006779661016949046e+00 1.774000000000000057e+02
5.900000000000000000e+01 1.892372881355932401e+00 1.116500000000000057e+02
5.900000000000000000e+01 2.776610169491525948e+00 1.638200000000000216e+02
5.900000000000000000e+01 3.150338983050847474e+00 1.858700000000000045e+02
5.900000000000000000e+01 2.782542372881355419e+00 1.641699999999999591e+02
5.900000000000000000e+01 4.185762711864406072e+00 2.469599999999999795e+02
5.900000000000000000e+01 3.194915254237288060e+00 1.885000000000000000e+02
5.900000000000000000e+01 4.643220338983050866e+00 2.739499999999999886e+02
5.900000000000000000e+01 3.294915254237287705e+00 1.943999999999999773e+02
5.900000000000000000e+01 3.137118644067796502e+00 1.850900000000000034e+02
5.900000000000000000e+01 4.188305084745763018e+00 2.471100000000000136e+02
5.900000000000000000e+01 4.001186440677965805e+00 2.360699999999999932e+02
5.900000000000000000e+01 4.145593220338982476e+00 2.445899999999999750e+02
5.900000000000000000e+01 3.465593220338983205e+00 2.044699999999999989e+02
5.900000000000000000e+01 1.742203389830508486e+00 1.027900000000000063e+02
5.900000000000000000e+01 2.088135593220338926e+00 1.232000000000000028e+02
5.900000000000000000e+01 1.476949152542372801e+00 8.714000000000000057e+01
5.900000000000000000e+01 1.903050847457627093e+00 1.122800000000000011e+02
5.900000000000000000e+01 2.941186440677966196e+00 1.735300000000000011e+02
5.900000000000000000e+01 1.772711864406779636e+00 1.045900000000000034e+02
5.900000000000000000e+01 1.946440677966101651e+00 1.148400000000000034e+02
5.900000000000000000e+01 2.032881355932203427e+00 1.199399999999999977e+02
5.900000000000000000e+01 2.385762711864406693e+00 1.407599999999999909e+02
5.900000000000000000e+01 2.064576271186440604e+00 1.218100000000000023e+02
5.900000000000000000e+01 2.532372881355932304e+00 1.494099999999999966e+02
5.900000000000000000e+01 1.989322033898305309e+00 1.173700000000000188e+02
5.900000000000000000e+01 1.550169491525423604e+00 9.145999999999999375e+01
5.900000000000000000e+01 7.020338983050847803e-01 4.142000000000000171e+01
5.900000000000000000e+01 1.430338983050847279e+00 8.438999999999998636e+01
5.900000000000000000e+01 1.463389830508474709e+00 8.634000000000000341e+01
5.900000000000000000e+01 1.478305084745762610e+00 8.721999999999999886e+01
5.900000000000000000e+01 1.761355932203389818e+00 1.039200000000000017e+02
5.900000000000000000e+01 1.308474576271186463e+00 7.720000000000000284e+01
5.900000000000000000e+01 9.696610169491524100e-01 5.720999999999999375e+01
5.900000000000000000e+01 6.864406779661016977e-02 4.049999999999999822e+00
5.900000000000000000e+01 3.622033898305084820e-01 2.137000000000000099e+01
5.900000000000000000e+01 2.567796610169491567e-01 1.515000000000000036e+01
5.900000000000000000e+01 1.124067796610169312e+00 6.631999999999999318e+01
5.900000000000000000e+01 7.891525423728813493e-01 4.656000000000000227e+01
5.900000000000000000e+01 1.263220338983050972e+00 7.453000000000000114e+01
5.900000000000000000e+01 1.018135593220339086e+00 6.007000000000000739e+01
5.900000000000000000e+01 8.905084745762711362e-01 5.253999999999999915e+01
5.900000000000000000e+01 1.003559322033898304e+00 5.920999999999999375e+01
5.900000000000000000e+01 1.442542372881356227e+00 8.511000000000001364e+01
5.900000000000000000e+01 8.532203389830508300e-01 5.033999999999999631e+01
5.900000000000000000e+01 1.848474576271186276e+00 1.090599999999999881e+02
5.900000000000000000e+01 1.490169491525423551e+00 8.791999999999998749e+01
5.900000000000000000e+01 9.301694915254237195e-01 5.488000000000000256e+01
5.900000000000000000e+01 1.040169491525423817e+00 6.137000000000000455e+01
5.900000000000000000e+01 7.922033898305085309e-01 4.674000000000000199e+01
5.900000000000000000e+01 5.857627118644068709e-01 3.456000000000000227e+01
5.900000000000000000e+01 9.986440677966100798e-01 5.891999999999999460e+01
5.900000000000000000e+01 7.388135593220338526e-01 4.358999999999999631e+01
5.900000000000000000e+01 1.070169491525423622e+00 6.313999999999999346e+01
5.900000000000000000e+01 1.274237288135593227e+00 7.518000000000000682e+01
5.900000000000000000e+01 1.127457627118644279e+00 6.652000000000001023e+01
5.900000000000000000e+01 8.377966101694914736e-01 4.942999999999999972e+01
5.900000000000000000e+01 8.057627118644067332e-01 4.753999999999999915e+01
5.900000000000000000e+01 3.763898305084745655e+00 2.220699999999999932e+02
5.900000000000000000e+01 3.394745762711864234e+00 2.002899999999999920e+02
5.900000000000000000e+01 2.397966101694914975e+00 1.414799999999999898e+02
5.900000000000000000e+01 2.531864406779660737e+00 1.493799999999999955e+02
5.900000000000000000e+01 3.043050847457627661e+00 1.795400000000000205e+02
5.900000000000000000e+01 2.543559322033898340e+00 1.500699999999999932e+02
5.900000000000000000e+01 3.209491525423728842e+00 1.893600000000000136e+02
5.800000000000000000e+01 2.638965517241379288e+00 1.530600000000000023e+02
5.900000000000000000e+01 1.664406779661016689e+00 9.819999999999998863e+01
5.900000000000000000e+01 1.547627118644067767e+00 9.131000000000000227e+01
5.900000000000000000e+01 1.016101694915254372e+00 5.995000000000000284e+01
5.900000000000000000e+01 5.074576271186440612e-01 2.994000000000000128e+01
5.900000000000000000e+01 1.028135593220339095e+00 6.066000000000001080e+01
5.900000000000000000e+01 7.930508474576269951e-01 4.678999999999999204e+01
5.900000000000000000e+01 2.186949152542372765e+00 1.290300000000000011e+02
5.900000000000000000e+01 1.610508474576271221e+00 9.501999999999999602e+01
5.900000000000000000e+01 2.636949152542372499e+00 1.555799999999999841e+02
5.900000000000000000e+01 2.766101694915254594e+00 1.632000000000000171e+02
5.900000000000000000e+01 2.271186440677966267e+00 1.340000000000000000e+02
5.900000000000000000e+01 2.413898305084746010e+00 1.424200000000000159e+02
5.900000000000000000e+01 2.918305084745763001e+00 1.721800000000000068e+02
5.900000000000000000e+01 4.564067796610170369e+00 2.692800000000000296e+02
5.900000000000000000e+01 3.464745762711864074e+00 2.044199999999999875e+02
5.900000000000000000e+01 2.095593220338983098e+00 1.236400000000000006e+02
5.900000000000000000e+01 1.970508474576271318e+00 1.162600000000000051e+02
5.900000000000000000e+01 2.392033898305084616e+00 1.411299999999999955e+02
5.900000000000000000e+01 1.358305084745762725e+00 8.014000000000000057e+01
5.900000000000000000e+01 1.063220338983051017e+00 6.273000000000000398e+01
5.900000000000000000e+01 1.373898305084745752e+00 8.106000000000000227e+01
5.900000000000000000e+01 1.550677966101695171e+00 9.149000000000000909e+01
5.900000000000000000e+01 1.651186440677966383e+00 9.742000000000001592e+01
5.900000000000000000e+01 1.542881355932203213e+00 9.102999999999998693e+01
5.900000000000000000e+01 1.023559322033898322e+00 6.039000000000000057e+01
5.900000000000000000e+01 1.784237288135593458e+00 1.052700000000000102e+02
5.900000000000000000e+01 1.488644067796610182e+00 8.782999999999999829e+01
5.900000000000000000e+01 1.175762711864406951e+00 6.937000000000000455e+01
5.900000000000000000e+01 1.132372881355932170e+00 6.681000000000000227e+01
5.900000000000000000e+01 2.531525423728813173e+00 1.493599999999999852e+02
