2.400000000000000000e+01 0.000000000000000000e+00 0.000000000000000000e+00
4.790000000000000000e+02 3.342943632567849654e+00 1.601269999999999982e+03
5.160000000000000000e+02 1.678042635658914872e+00 8.658700000000001182e+02
5.300000000000000000e+02 1.918150943396226493e+00 1.016620000000000005e+03
5.430000000000000000e+02 1.296482504604051567e+00 7.039900000000000091e+02
5.450000000000000000e+02 1.277045871559633117e+00 6.959900000000000091e+02
5.450000000000000000e+02 1.116807339449541470e+00 6.086600000000000819e+02
5.460000000000000000e+02 9.127106227106227543e-01 4.983400000000000318e+02
5.510000000000000000e+02 9.433756805807621548e-01 5.197999999999999545e+02
5.520000000000000000e+02 4.577173913043478537e-01 2.526600000000000250e+02
5.520000000000000000e+02 7.378985507246376141e-01 4.073199999999999932e+02
5.520000000000000000e+02 7.224637681159419567e-02 3.987999999999999545e+01
5.550000000000000000e+02 2.630630630630630823e-02 1.460000000000000142e+01
5.570000000000000000e+02 2.356193895870736243e-01 1.312400000000000091e+02
5.530000000000000000e+02 6.038336347197106324e-01 3.339199999999999591e+02
5.550000000000000000e+02 4.431171171171170986e-01 2.459299999999999784e+02
5.550000000000000000e+02 2.904864864864865615e-01 1.612200000000000273e+02
5.590000000000000000e+02 1.317173524150268560e-01 7.363000000000000966e+01
5.670000000000000000e+02 1.557319223985890663e-02 8.830000000000000071e+00
5.670000000000000000e+02 6.083068783068782404e-01 3.449099999999999682e+02
5.650000000000000000e+02 6.821061946902654549e-01 3.853899999999999864e+02
5.650000000000000000e+02 7.427610619469026121e-01 4.196599999999999682e+02
5.640000000000000000e+02 2.630496453900709186e-01 1.483600000000000136e+02
5.760000000000000000e+02 2.013194444444444675e-01 1.159600000000000080e+02
5.740000000000000000e+02 3.623693379790940763e-03 2.080000000000000071e+00
5.730000000000000000e+02 2.541186736474694841e-01 1.456100000000000136e+02
5.750000000000000000e+02 3.969043478260869673e-01 2.282199999999999989e+02
5.780000000000000000e+02 7.957958477508649819e-01 4.599699999999999704e+02
5.780000000000000000e+02 3.441003460207612275e-01 1.988899999999999864e+02
5.780000000000000000e+02 7.320069204152249154e-02 4.231000000000000227e+01
5.770000000000000000e+02 2.131542461005199174e-01 1.229899999999999949e+02
5.780000000000000000e+02 3.262456747404844370e-01 1.885699999999999932e+02
5.780000000000000000e+02 5.437543252595155030e-01 3.142899999999999636e+02
5.790000000000000000e+02 1.759585492227979109e-01 1.018799999999999955e+02
5.790000000000000000e+02 6.368739205526769975e-01 3.687500000000000000e+02
5.780000000000000000e+02 7.087716262975778392e-01 4.096699999999999591e+02
5.740000000000000000e+02 3.609756097560975485e-01 2.071999999999999886e+02
5.730000000000000000e+02 1.018499127399650900e-01 5.835999999999999943e+01
5.760000000000000000e+02 3.676736111111111316e-01 2.117800000000000011e+02
5.760000000000000000e+02 2.155381944444444420e-01 1.241499999999999915e+02
5.740000000000000000e+02 1.291114982578397130e-01 7.410999999999999943e+01
5.750000000000000000e+02 1.214956521739130463e-01 6.985999999999999943e+01
5.750000000000000000e+02 5.184347826086956046e-02 2.980999999999999872e+01
5.720000000000000000e+02 1.755419580419580461e-01 1.004099999999999966e+02
5.730000000000000000e+02 2.560907504363001963e-01 1.467400000000000091e+02
5.780000000000000000e+02 7.849480968858131569e-02 4.536999999999999744e+01
5.760000000000000000e+02 8.826388888888889173e-02 5.084000000000000341e+01
5.760000000000000000e+02 1.042361111111110988e-01 6.003999999999999204e+01
5.760000000000000000e+02 2.572916666666666755e-02 1.482000000000000028e+01
5.750000000000000000e+02 7.511304347826086580e-02 4.318999999999999773e+01
5.720000000000000000e+02 1.698776223776223837e-01 9.717000000000000171e+01
5.730000000000000000e+02 1.111867364746945974e-01 6.371000000000000085e+01
5.730000000000000000e+02 5.082024432809773007e-02 2.911999999999999744e+01
5.700000000000000000e+02 1.099122807017543779e-01 6.264999999999999858e+01
5.750000000000000000e+02 1.855130434782608917e-01 1.066700000000000159e+02
5.730000000000000000e+02 1.246073298429319423e-02 7.140000000000000568e+00
5.700000000000000000e+02 1.465614035087719202e-01 8.353999999999999204e+01
5.680000000000000000e+02 7.197183098591548867e-02 4.087999999999999545e+01
5.710000000000000000e+02 5.821366024518388055e-02 3.323999999999999488e+01
5.740000000000000000e+02 3.732752613240418182e-01 2.142599999999999909e+02
5.710000000000000000e+02 2.723642732049036397e-01 1.555199999999999818e+02
5.720000000000000000e+02 2.120454545454545370e-01 1.212899999999999920e+02
5.720000000000000000e+02 7.225524475524475188e-02 4.132999999999999829e+01
5.710000000000000000e+02 8.647985989492118497e-02 4.937999999999999545e+01
5.720000000000000000e+02 7.646853146853146987e-02 4.374000000000000199e+01
5.730000000000000000e+02 8.876090750436299581e-02 5.085999999999999943e+01
5.690000000000000000e+02 5.390158172231986067e-02 3.067000000000000171e+01
5.710000000000000000e+02 3.309982486865148399e-02 1.889999999999999858e+01
5.750000000000000000e+02 9.942608695652173367e-02 5.716999999999999460e+01
5.740000000000000000e+02 3.780487804878049363e-02 2.170000000000000284e+01
5.690000000000000000e+02 3.551845342706502762e-02 2.021000000000000085e+01
5.690000000000000000e+02 1.789806678383128458e-01 1.018400000000000034e+02
5.750000000000000000e+02 2.104173913043478061e-01 1.209899999999999949e+02
5.750000000000000000e+02 2.944869565217391183e-01 1.693299999999999841e+02
5.750000000000000000e+02 8.071304347826087355e-02 4.641000000000000369e+01
5.740000000000000000e+02 1.703832752613240742e-02 9.780000000000001137e+00
5.750000000000000000e+02 1.449739130434782586e-01 8.335999999999999943e+01
5.720000000000000000e+02 4.499825174825174412e-01 2.573899999999999864e+02
5.740000000000000000e+02 2.499825783972125237e-01 1.434899999999999807e+02
5.700000000000000000e+02 1.928421052631578980e-01 1.099200000000000017e+02
5.720000000000000000e+02 9.022727272727272541e-02 5.160999999999999943e+01
5.740000000000000000e+02 1.942508710801394214e-02 1.115000000000000213e+01
5.710000000000000000e+02 1.824868651488616503e-02 1.041999999999999993e+01
5.710000000000000000e+02 4.413134851138353909e-01 2.519900000000000091e+02
5.720000000000000000e+02 6.775699300699301597e-01 3.875700000000000500e+02
5.760000000000000000e+02 9.033159722222221522e-01 5.203099999999999454e+02
5.750000000000000000e+02 4.498608695652173139e-01 2.586699999999999591e+02
5.760000000000000000e+02 1.635243055555555547e-01 9.418999999999999773e+01
5.730000000000000000e+02 6.952879581151832911e-02 3.984000000000000341e+01
5.740000000000000000e+02 1.344773519163763031e-01 7.718999999999999773e+01
5.710000000000000000e+02 3.211033274956217043e-01 1.833499999999999943e+02
5.720000000000000000e+02 8.473776223776223471e-02 4.846999999999999886e+01
5.720000000000000000e+02 1.499999999999999944e-01 8.579999999999999716e+01
5.710000000000000000e+02 5.267775831873904302e-01 3.007899999999999636e+02
5.730000000000000000e+02 3.384293193717277659e-01 1.939200000000000159e+02
5.740000000000000000e+02 3.109756097560975249e-02 1.784999999999999787e+01
5.710000000000000000e+02 1.422942206654991271e-01 8.125000000000000000e+01
5.730000000000000000e+02 6.432809773123909780e-02 3.685999999999999943e+01
5.710000000000000000e+02 2.577933450087565789e-02 1.472000000000000064e+01
5.690000000000000000e+02 1.211775043936731133e-01 6.895000000000000284e+01
