2.400000000000000000e+01 0.000000000000000000e+00 0.000000000000000000e+00
4.860000000000000000e+02 2.350514403292180976e+00 1.142349999999999909e+03
5.200000000000000000e+02 1.136538461538461497e+00 5.910000000000000000e+02
5.470000000000000000e+02 5.821389396709323316e-01 3.184300000000000068e+02
5.550000000000000000e+02 7.672432432432432226e-01 4.258199999999999932e+02
5.560000000000000000e+02 1.143992805755395858e+00 6.360600000000000591e+02
5.580000000000000000e+02 7.687992831541218264e-01 4.289900000000000091e+02
5.580000000000000000e+02 3.124731182795698614e-01 1.743599999999999852e+02
5.570000000000000000e+02 7.059425493716336986e-01 3.932099999999999795e+02
5.570000000000000000e+02 9.098025134649910806e-01 5.067600000000000477e+02
5.580000000000000000e+02 2.875448028673834866e-01 1.604499999999999886e+02
5.610000000000000000e+02 1.023689839572192506e+00 5.742899999999999636e+02
5.660000000000000000e+02 8.224204946996466203e-01 4.654900000000000091e+02
5.780000000000000000e+02 7.142733564013841185e-01 4.128500000000000227e+02
5.830000000000000000e+02 5.678387650085762184e-01 3.310499999999999545e+02
5.820000000000000000e+02 2.963402061855670011e-01 1.724699999999999989e+02
5.820000000000000000e+02 3.908247422680412586e-01 2.274600000000000080e+02
5.840000000000000000e+02 5.927739726027397849e-01 3.461800000000000068e+02
5.830000000000000000e+02 5.779416809605488758e-01 3.369399999999999977e+02
5.790000000000000000e+02 2.271329879101899596e-01 1.315099999999999909e+02
5.790000000000000000e+02 2.081174438687392186e-02 1.205000000000000071e+01
5.770000000000000000e+02 1.871750433275563364e-03 1.080000000000000071e+00
5.810000000000000000e+02 1.642857142857142849e-01 9.545000000000000284e+01
5.810000000000000000e+02 2.903614457831324991e-01 1.686999999999999886e+02
5.800000000000000000e+02 9.105172413793104214e-02 5.281000000000000227e+01
5.790000000000000000e+02 1.534715025906736030e-01 8.886000000000001364e+01
5.780000000000000000e+02 5.961937716262975806e-02 3.446000000000000085e+01
5.810000000000000000e+02 2.223924268502581458e-01 1.292099999999999795e+02
5.790000000000000000e+02 8.633851468048360511e-02 4.999000000000000909e+01
5.790000000000000000e+02 2.044905008635578697e-02 1.183999999999999986e+01
5.750000000000000000e+02 1.341391304347825941e-01 7.712999999999999545e+01
5.750000000000000000e+02 2.152173913043478326e-01 1.237500000000000000e+02
5.780000000000000000e+02 7.228200692041522046e-01 4.177899999999999636e+02
5.780000000000000000e+02 1.851730103806228378e-01 1.070300000000000011e+02
5.760000000000000000e+02 1.782986111111110883e-01 1.026999999999999886e+02
5.800000000000000000e+02 1.989827586206896481e-01 1.154099999999999966e+02
5.760000000000000000e+02 2.888020833333333481e-01 1.663499999999999943e+02
5.820000000000000000e+02 3.372336769759449737e-01 1.962699999999999818e+02
5.830000000000000000e+02 8.572898799313892482e-02 4.997999999999999687e+01
5.810000000000000000e+02 2.413080895008606203e-02 1.402000000000000135e+01
5.820000000000000000e+02 5.137457044673539308e-02 2.989999999999999858e+01
5.830000000000000000e+02 1.261921097770154210e-01 7.356999999999999318e+01
5.830000000000000000e+02 6.089193825042881619e-02 3.550000000000000000e+01
5.820000000000000000e+02 3.852233676975945487e-02 2.242000000000000171e+01
5.800000000000000000e+02 1.043103448275862176e-02 6.050000000000000711e+00
5.770000000000000000e+02 9.774696707105720583e-03 5.640000000000000568e+00
5.770000000000000000e+02 1.941074523396880275e-02 1.119999999999999929e+01
5.820000000000000000e+02 2.199656357388315719e-01 1.280199999999999818e+02
5.820000000000000000e+02 8.467353951890034536e-02 4.928000000000000114e+01
5.830000000000000000e+02 2.553516295025728966e-01 1.488700000000000045e+02
5.840000000000000000e+02 1.301369863013698558e-01 7.600000000000000000e+01
5.810000000000000000e+02 1.108777969018932968e-01 6.442000000000000171e+01
5.820000000000000000e+02 1.517525773195876060e-01 8.831999999999999318e+01
5.820000000000000000e+02 3.631615120274913622e-01 2.113599999999999852e+02
5.830000000000000000e+02 1.231560891938250357e-01 7.179999999999999716e+01
5.830000000000000000e+02 9.682675814751287580e-02 5.645000000000000284e+01
5.840000000000000000e+02 1.026027397260274032e-01 5.992000000000000171e+01
5.820000000000000000e+02 2.347938144329896892e-01 1.366500000000000057e+02
5.830000000000000000e+02 3.302572898799313594e-01 1.925399999999999920e+02
5.830000000000000000e+02 4.658833619210978050e-01 2.716100000000000136e+02
5.820000000000000000e+02 2.585567010309278713e-01 1.504800000000000182e+02
5.810000000000000000e+02 9.585197934595524050e-02 5.568999999999999773e+01
5.810000000000000000e+02 2.844750430292598553e-01 1.652799999999999727e+02
5.810000000000000000e+02 8.907056798623064209e-02 5.175000000000000000e+01
5.820000000000000000e+02 9.525773195876288679e-02 5.543999999999999773e+01
5.830000000000000000e+02 2.267753001715265559e-01 1.322099999999999795e+02
5.830000000000000000e+02 5.209090909090908772e-01 3.036899999999999977e+02
5.810000000000000000e+02 1.754388984509466509e-01 1.019300000000000068e+02
5.810000000000000000e+02 2.983476764199655684e-01 1.733400000000000034e+02
5.850000000000000000e+02 1.062905982905982955e-01 6.217999999999999972e+01
5.860000000000000000e+02 1.171672354948805339e-01 6.865999999999999659e+01
5.840000000000000000e+02 1.206849315068492939e-01 7.047999999999998977e+01
5.850000000000000000e+02 1.676581196581196642e-01 9.807999999999999829e+01
5.900000000000000000e+02 3.615084745762712215e-01 2.132900000000000205e+02
5.910000000000000000e+02 1.638071065989847863e-01 9.681000000000000227e+01
5.910000000000000000e+02 7.260575296108290333e-02 4.290999999999999659e+01
5.890000000000000000e+02 1.171477079796264843e-02 6.900000000000000355e+00
5.880000000000000000e+02 2.569727891156462635e-02 1.510999999999999943e+01
5.850000000000000000e+02 6.967863247863247400e-01 4.076200000000000045e+02
5.850000000000000000e+02 7.157264957264957150e-01 4.186999999999999886e+02
5.870000000000000000e+02 2.512606473594548584e-01 1.474900000000000091e+02
5.880000000000000000e+02 6.440476190476189522e-02 3.786999999999999744e+01
5.830000000000000000e+02 1.485420240137221293e-01 8.659999999999999432e+01
5.840000000000000000e+02 1.034931506849315064e-01 6.043999999999999773e+01
5.820000000000000000e+02 1.468900343642611517e-01 8.548999999999999488e+01
5.840000000000000000e+02 3.136643835616438336e-01 1.831800000000000068e+02
5.840000000000000000e+02 9.756849315068494288e-02 5.698000000000000398e+01
5.860000000000000000e+02 6.568259385665528582e-02 3.848999999999999488e+01
5.860000000000000000e+02 1.194539249146757756e-02 7.000000000000000000e+00
5.840000000000000000e+02 9.999999999999999167e-02 5.839999999999999858e+01
5.820000000000000000e+02 3.431615120274913999e-01 1.997199999999999989e+02
5.820000000000000000e+02 7.302405498281788754e-03 4.250000000000000888e+00
5.790000000000000000e+02 6.706390328151985714e-02 3.882999999999999829e+01
5.740000000000000000e+02 1.392160278745644408e-01 7.990999999999999659e+01
5.790000000000000000e+02 2.025388601036269276e-01 1.172699999999999960e+02
5.790000000000000000e+02 6.390328151986182648e-02 3.700000000000000000e+01
5.820000000000000000e+02 2.158247422680412142e-01 1.256099999999999852e+02
5.840000000000000000e+02 1.900684931506849140e-02 1.109999999999999964e+01
5.830000000000000000e+02 5.485420240137221098e-02 3.198000000000000043e+01
5.830000000000000000e+02 8.137221269296740500e-02 4.743999999999999773e+01
