2.200000000000000000e+01 0.000000000000000000e+00 0.000000000000000000e+00
5.900000000000000000e+01 7.411186440677965059e+00 4.372599999999999341e+02
5.900000000000000000e+01 4.054745762711863932e+00 2.392299999999999898e+02
5.900000000000000000e+01 5.819152542372880710e+00 3.433299999999999841e+02
5.900000000000000000e+01 8.277966101694914869e+00 4.883999999999999773e+02
5.900000000000000000e+01 3.717627118644068140e+00 2.193400000000000318e+02
5.900000000000000000e+01 4.952881355932204244e+00 2.922200000000000273e+02
5.900000000000000000e+01 3.164067796610169570e+00 1.866800000000000068e+02
5.900000000000000000e+01 5.047627118644068211e+00 2.978100000000000023e+02
5.900000000000000000e+01 4.762203389830508726e+00 2.809700000000000273e+02
5.900000000000000000e+01 3.849491525423728966e+00 2.271200000000000045e+02
5.900000000000000000e+01 5.225084745762710980e+00 3.082799999999999727e+02
5.900000000000000000e+01 3.821694915254237213e+00 2.254799999999999898e+02
5.900000000000000000e+01 5.339830508474575410e+00 3.150499999999999545e+02
5.900000000000000000e+01 3.517627118644067519e+00 2.075399999999999920e+02
5.900000000000000000e+01 1.961525423728813333e+00 1.157299999999999898e+02
5.900000000000000000e+01 5.501525423728812925e+00 3.245899999999999750e+02
5.900000000000000000e+01 2.406779661016948957e+00 1.420000000000000000e+02
5.900000000000000000e+01 4.042203389830508975e+00 2.384900000000000091e+02
5.900000000000000000e+01 2.620169491525423666e+00 1.545900000000000034e+02
5.900000000000000000e+01 2.929491525423729037e+00 1.728400000000000034e+02
5.900000000000000000e+01 3.682881355932203338e+00 2.172899999999999920e+02
5.900000000000000000e+01 1.334067796610169276e+00 7.870999999999999375e+01
5.900000000000000000e+01 1.998644067796610191e+00 1.179200000000000017e+02
5.900000000000000000e+01 1.445254237288135846e+00 8.527000000000001023e+01
5.900000000000000000e+01 3.520677966101694700e+00 2.077199999999999989e+02
5.900000000000000000e+01 4.867457627118644048e+00 2.871800000000000068e+02
5.900000000000000000e+01 1.856779661016949357e+00 1.095500000000000114e+02
5.900000000000000000e+01 4.986610169491526356e+00 2.942100000000000364e+02
5.900000000000000000e+01 1.645423728813559361e+00 9.707999999999999829e+01
5.900000000000000000e+01 3.719661016949153076e+00 2.194600000000000364e+02
5.900000000000000000e+01 2.844915254237287972e+00 1.678499999999999943e+02
5.900000000000000000e+01 2.181694915254237088e+00 1.287199999999999989e+02
5.900000000000000000e+01 2.253728813559321864e+00 1.329699999999999989e+02
5.900000000000000000e+01 8.820338983050846071e-01 5.203999999999999204e+01
5.900000000000000000e+01 1.964406779661017177e+00 1.159000000000000199e+02
5.900000000000000000e+01 4.435593220338983067e-01 2.617000000000000171e+01
5.900000000000000000e+01 1.931355932203389969e+00 1.139500000000000028e+02
5.900000000000000000e+01 1.936610169491525202e+00 1.142599999999999909e+02
5.900000000000000000e+01 1.294745762711864367e+00 7.639000000000000057e+01
5.900000000000000000e+01 1.272203389830508513e+00 7.506000000000000227e+01
5.900000000000000000e+01 6.581355932203389880e-01 3.882999999999999829e+01
5.900000000000000000e+01 1.335084745762711744e+00 7.876999999999999602e+01
5.900000000000000000e+01 1.402372881355932410e+00 8.274000000000000909e+01
5.900000000000000000e+01 3.097118644067796467e+00 1.827299999999999898e+02
5.900000000000000000e+01 4.253220338983051185e+00 2.509399999999999977e+02
5.900000000000000000e+01 2.511864406779660719e+00 1.481999999999999886e+02
5.900000000000000000e+01 3.539661016949152472e+00 2.088400000000000034e+02
5.900000000000000000e+01 1.102711864406779707e+00 6.506000000000000227e+01
5.900000000000000000e+01 2.406779661016948957e+00 1.420000000000000000e+02
5.900000000000000000e+01 2.103050847457627270e+00 1.240799999999999983e+02
5.900000000000000000e+01 6.244067796610169863e-01 3.684000000000000341e+01
5.900000000000000000e+01 1.169830508474576147e+00 6.901999999999999602e+01
5.900000000000000000e+01 1.058135593220338899e+00 6.242999999999999261e+01
5.900000000000000000e+01 1.045593220338983054e+00 6.169000000000000483e+01
5.900000000000000000e+01 1.051864406779660976e+00 6.205999999999999517e+01
5.900000000000000000e+01 2.586101694915253990e+00 1.525799999999999841e+02
5.900000000000000000e+01 2.502711864406779174e+00 1.476599999999999682e+02
5.900000000000000000e+01 1.206440677966101882e+00 7.118000000000000682e+01
5.900000000000000000e+01 2.364406779661016866e+00 1.395000000000000000e+02
5.900000000000000000e+01 2.036610169491525291e+00 1.201599999999999966e+02
5.900000000000000000e+01 1.237118644067796591e+00 7.298999999999999488e+01
5.900000000000000000e+01 3.509152542372881545e+00 2.070400000000000205e+02
5.900000000000000000e+01 3.067796610169492011e-01 1.810000000000000142e+01
5.900000000000000000e+01 1.552203389830508540e+00 9.157999999999999829e+01
5.900000000000000000e+01 1.423050847457627333e+00 8.396000000000000796e+01
5.900000000000000000e+01 1.750677966101695127e+00 1.032900000000000063e+02
5.900000000000000000e+01 2.044576271186440586e+00 1.206299999999999955e+02
5.900000000000000000e+01 1.779661016949152685e+00 1.050000000000000142e+02
5.900000000000000000e+01 1.281694915254237177e+00 7.561999999999999034e+01
5.900000000000000000e+01 1.519152542372881332e+00 8.962999999999999545e+01
5.900000000000000000e+01 1.665084745762712037e+00 9.824000000000000909e+01
5.900000000000000000e+01 1.680000000000000160e+00 9.912000000000000455e+01
5.900000000000000000e+01 7.923728813559322015e-01 4.675000000000000000e+01
5.900000000000000000e+01 1.076610169491525548e+00 6.352000000000000313e+01
5.900000000000000000e+01 5.016949152542372892e-02 2.959999999999999964e+00
5.900000000000000000e+01 6.637288135593220062e-01 3.915999999999999659e+01
5.900000000000000000e+01 8.016949152542371948e-01 4.729999999999999716e+01
5.900000000000000000e+01 5.971186440677965779e-01 3.522999999999999687e+01
5.900000000000000000e+01 1.147288135593220293e+00 6.768999999999999773e+01
5.900000000000000000e+01 1.105423728813559325e+00 6.521999999999999886e+01
5.900000000000000000e+01 1.187288135593220328e+00 7.004999999999999716e+01
5.900000000000000000e+01 6.016949152542372392e-01 3.550000000000000000e+01
5.900000000000000000e+01 1.003050847457627182e+00 5.917999999999999972e+01
5.900000000000000000e+01 8.542372881355932979e-01 5.040000000000000568e+01
5.900000000000000000e+01 4.933898305084745695e-01 2.910999999999999943e+01
5.900000000000000000e+01 9.423728813559322237e-01 5.560000000000000142e+01
5.900000000000000000e+01 8.269491525423728895e-01 4.878999999999999915e+01
5.900000000000000000e+01 7.347457627118643142e-01 4.334999999999999432e+01
5.900000000000000000e+01 1.103728813559321953e+00 6.511999999999999034e+01
5.900000000000000000e+01 4.550847457627119064e-01 2.685000000000000142e+01
5.900000000000000000e+01 6.332203389830508566e-01 3.735999999999999943e+01
5.900000000000000000e+01 8.030508474576271150e-01 4.738000000000000256e+01
5.900000000000000000e+01 8.737288135593220817e-01 5.155000000000000426e+01
5.900000000000000000e+01 5.274576271186440790e-01 3.112000000000000099e+01
5.900000000000000000e+01 1.189152542372881483e+00 7.016000000000001080e+01
5.900000000000000000e+01 4.406440677966101838e+00 2.599800000000000182e+02
5.900000000000000000e+01 1.429152542372881252e+00 8.431999999999999318e+01
5.900000000000000000e+01 2.440677966101695073e+00 1.440000000000000000e+02
5.900000000000000000e+01 1.118135593220338952e+00 6.596999999999999886e+01
