8.000000000000000000e+00 0.000000000000000000e+00 0.000000000000000000e+00
1.000000000000000000e+01 1.078999999999999959e+00 1.078999999999999915e+01
1.000000000000000000e+01 7.240999999999999659e+00 7.240999999999999659e+01
1.000000000000000000e+01 5.256000000000000227e+00 5.256000000000000227e+01
1.000000000000000000e+01 4.557000000000000384e+00 4.557000000000000028e+01
1.000000000000000000e+01 1.012500000000000178e+01 1.012500000000000142e+02
1.000000000000000000e+01 8.191000000000000725e+00 8.191000000000001080e+01
1.000000000000000000e+01 2.604000000000000092e+00 2.603999999999999915e+01
1.000000000000000000e+01 6.802999999999999936e+00 6.803000000000000114e+01
1.000000000000000000e+01 7.029999999999999361e+00 7.029999999999999716e+01
1.000000000000000000e+01 6.782000000000000917e+00 6.782000000000000739e+01
1.000000000000000000e+01 1.118799999999999883e+01 1.118799999999999955e+02
1.000000000000000000e+01 3.295000000000000373e+00 3.295000000000000284e+01
1.000000000000000000e+01 6.503000000000000114e+00 6.503000000000000114e+01
1.000000000000000000e+01 4.895000000000000462e+00 4.895000000000000284e+01
1.000000000000000000e+01 9.088000000000000966e+00 9.088000000000000966e+01
1.000000000000000000e+01 5.525000000000000355e+00 5.525000000000000000e+01
1.000000000000000000e+01 1.664999999999999813e+00 1.664999999999999858e+01
1.000000000000000000e+01 5.491999999999999993e+00 5.492000000000000171e+01
1.000000000000000000e+01 3.226999999999999424e+00 3.226999999999999602e+01
1.000000000000000000e+01 6.467000000000000526e+00 6.467000000000000171e+01
1.000000000000000000e+01 8.154999999999999361e+00 8.154999999999999716e+01
1.000000000000000000e+01 7.110999999999999766e+00 7.110999999999999943e+01
1.000000000000000000e+01 4.580000000000000071e+00 4.580000000000000426e+01
1.000000000000000000e+01 4.423999999999999488e+00 4.423999999999999488e+01
1.000000000000000000e+01 5.028000000000000469e+00 5.028000000000000114e+01
1.000000000000000000e+01 3.145999999999999908e+00 3.146000000000000085e+01
1.000000000000000000e+01 5.299000000000001265e+00 5.299000000000000909e+01
1.000000000000000000e+01 1.721000000000000085e+00 1.721000000000000085e+01
1.000000000000000000e+01 3.968999999999999861e+00 3.968999999999999773e+01
1.000000000000000000e+01 4.505999999999999339e+00 4.505999999999999517e+01
1.000000000000000000e+01 3.359000000000000430e+00 3.359000000000000341e+01
1.000000000000000000e+01 6.546999999999999709e+00 6.546999999999999886e+01
1.000000000000000000e+01 2.581999999999999851e+00 2.582000000000000028e+01
1.000000000000000000e+01 5.740999999999999659e+00 5.740999999999999659e+01
1.000000000000000000e+01 8.798999999999999488e+00 8.798999999999999488e+01
1.000000000000000000e+01 3.653999999999999915e+00 3.653999999999999915e+01
1.000000000000000000e+01 6.185999999999999943e+00 6.185999999999999943e+01
1.000000000000000000e+01 9.422000000000000597e+00 9.421999999999999886e+01
1.000000000000000000e+01 3.431999999999999940e+00 3.432000000000000028e+01
1.000000000000000000e+01 2.761000000000000121e+00 2.760999999999999943e+01
1.000000000000000000e+01 4.182999999999999829e+00 4.182999999999999829e+01
1.000000000000000000e+01 7.603999999999999204e+00 7.603999999999999204e+01
1.000000000000000000e+01 1.007499999999999929e+01 1.007500000000000000e+02
1.000000000000000000e+01 4.618999999999999773e+00 4.618999999999999773e+01
1.000000000000000000e+01 6.726000000000000867e+00 6.726000000000000512e+01
1.000000000000000000e+01 7.401999999999999247e+00 7.401999999999999602e+01
1.000000000000000000e+01 9.025999999999999801e+00 9.026000000000000512e+01
1.000000000000000000e+01 7.485999999999999766e+00 7.485999999999999943e+01
1.000000000000000000e+01 2.503000000000000114e+00 2.503000000000000114e+01
1.000000000000000000e+01 5.250000000000000000e+00 5.250000000000000000e+01
1.000000000000000000e+01 7.839000000000000412e+00 7.839000000000000057e+01
1.000000000000000000e+01 4.972999999999999865e+00 4.972999999999999687e+01
1.000000000000000000e+01 1.266100000000000136e+01 1.266100000000000136e+02
1.000000000000000000e+01 1.122300000000000253e+01 1.122300000000000182e+02
1.000000000000000000e+01 3.472999999999999865e+00 3.472999999999999687e+01
1.000000000000000000e+01 8.397999999999999687e+00 8.398000000000000398e+01
1.000000000000000000e+01 7.387000000000000455e+00 7.387000000000000455e+01
1.000000000000000000e+01 7.712000000000000632e+00 7.712000000000000455e+01
1.000000000000000000e+01 1.021599999999999930e+01 1.021599999999999966e+02
1.000000000000000000e+01 1.683999999999999941e+00 1.683999999999999986e+01
1.000000000000000000e+01 1.308999999999999941e+00 1.308999999999999986e+01
1.000000000000000000e+01 5.984999999999999432e+00 5.984999999999999432e+01
1.000000000000000000e+01 6.432999999999999829e+00 6.432999999999999829e+01
1.000000000000000000e+01 8.434000000000001052e+00 8.434000000000000341e+01
1.000000000000000000e+01 0.000000000000000000e+00 0.000000000000000000e+00
1.000000000000000000e+01 3.258000000000000007e+00 3.257999999999999829e+01
1.000000000000000000e+01 7.248000000000000220e+00 7.248000000000000398e+01
1.000000000000000000e+01 4.663000000000001144e+00 4.663000000000000966e+01
1.000000000000000000e+01 7.423000000000000043e+00 7.423000000000000398e+01
1.000000000000000000e+01 8.897000000000000242e+00 8.896999999999999886e+01
1.000000000000000000e+01 2.048000000000000043e+00 2.048000000000000043e+01
1.000000000000000000e+01 1.572999999999999954e+00 1.573000000000000043e+01
1.000000000000000000e+01 4.569000000000000838e+00 4.569000000000000483e+01
1.000000000000000000e+01 4.482999999999999652e+00 4.482999999999999829e+01
1.000000000000000000e+01 6.229999999999999538e+00 6.229999999999999716e+01
1.000000000000000000e+01 3.758000000000000007e+00 3.757999999999999829e+01
1.000000000000000000e+01 5.657999999999999474e+00 5.657999999999999829e+01
1.000000000000000000e+01 8.967999999999999972e+00 8.968000000000000682e+01
1.000000000000000000e+01 8.074999999999999289e+00 8.075000000000000000e+01
1.000000000000000000e+01 6.927999999999999048e+00 6.927999999999998693e+01
1.000000000000000000e+01 3.314999999999999947e+00 3.314999999999999858e+01
1.000000000000000000e+01 1.252000000000000224e+00 1.252000000000000135e+01
1.000000000000000000e+01 9.033999999999998920e+00 9.033999999999998920e+01
1.000000000000000000e+01 6.012999999999999901e+00 6.013000000000000256e+01
1.000000000000000000e+01 9.679000000000000270e+00 9.679000000000000625e+01
1.000000000000000000e+01 9.809000000000001052e+00 9.809000000000000341e+01
1.000000000000000000e+01 1.560999999999999943e+00 1.560999999999999943e+01
1.000000000000000000e+01 4.466000000000000192e+00 4.466000000000000369e+01
1.000000000000000000e+01 1.737000000000000099e+00 1.737000000000000099e+01
1.000000000000000000e+01 6.953000000000000291e+00 6.953000000000000114e+01
1.000000000000000000e+01 9.473000000000000753e+00 9.473000000000000398e+01
1.000000000000000000e+01 0.000000000000000000e+00 0.000000000000000000e+00
1.000000000000000000e+01 4.849999999999999645e+00 4.850000000000000000e+01
1.000000000000000000e+01 6.124000000000000554e+00 6.124000000000000909e+01
1.000000000000000000e+01 2.885000000000000231e+00 2.885000000000000142e+01
1.000000000000000000e+01 6.350999999999999979e+00 6.350999999999999801e+01
1.000000000000000000e+01 2.756999999999999673e+00 2.756999999999999673e+01
1.000000000000000000e+01 4.160000000000000142e+00 4.160000000000000142e+01
1.000000000000000000e+01 8.045999999999999375e+00 8.045999999999999375e+01
