2.400000000000000000e+01 0.000000000000000000e+00 0.000000000000000000e+00
5.320000000000000000e+02 2.300996240601504095e+00 1.224130000000000109e+03
5.880000000000000000e+02 1.725136054421768650e+00 1.014379999999999995e+03
5.950000000000000000e+02 1.307529411764705829e+00 7.779800000000000182e+02
6.200000000000000000e+02 1.259129032258064607e+00 7.806600000000000819e+02
6.430000000000000000e+02 1.514572317262830481e+00 9.738700000000000045e+02
6.410000000000000000e+02 3.372074882995319545e-01 2.161499999999999773e+02
6.410000000000000000e+02 5.473322932917317196e-01 3.508400000000000318e+02
6.420000000000000000e+02 3.599688473520249454e-01 2.311000000000000227e+02
6.430000000000000000e+02 2.823483670295490189e-01 1.815500000000000114e+02
6.420000000000000000e+02 3.882087227414330322e-01 2.492300000000000182e+02
6.420000000000000000e+02 2.845794392523364191e-01 1.826999999999999886e+02
6.420000000000000000e+02 2.483333333333333504e-01 1.594300000000000068e+02
6.430000000000000000e+02 1.649144634525660791e-01 1.060399999999999920e+02
6.430000000000000000e+02 8.804510108864698203e-01 5.661300000000001091e+02
6.420000000000000000e+02 5.860280373831775469e-01 3.762300000000000182e+02
6.440000000000000000e+02 7.409316770186334944e-01 4.771599999999999682e+02
6.420000000000000000e+02 8.471183800623053317e-01 5.438500000000000227e+02
6.400000000000000000e+02 5.663750000000000728e-01 3.624800000000000182e+02
6.450000000000000000e+02 5.506666666666666377e-01 3.551800000000000068e+02
6.580000000000000000e+02 3.121428571428571108e-01 2.053899999999999864e+02
6.580000000000000000e+02 2.309422492401216054e-01 1.519600000000000080e+02
6.580000000000000000e+02 8.977203647416415189e-02 5.907000000000000739e+01
6.590000000000000000e+02 3.681335356600910769e-02 2.426000000000000156e+01
6.580000000000000000e+02 3.670212765957446555e-02 2.414999999999999858e+01
6.560000000000000000e+02 6.149390243902439629e-02 4.034000000000000341e+01
6.550000000000000000e+02 2.367633587786259763e-01 1.550800000000000125e+02
6.590000000000000000e+02 1.677086494688922735e-01 1.105200000000000102e+02
6.580000000000000000e+02 1.670212765957446513e-02 1.098999999999999844e+01
6.560000000000000000e+02 4.603658536585365606e-03 3.020000000000000018e+00
6.510000000000000000e+02 6.154531490015360262e-01 4.006599999999999682e+02
6.560000000000000000e+02 2.875152439024390438e-01 1.886100000000000136e+02
6.560000000000000000e+02 2.389024390243902340e-01 1.567199999999999989e+02
6.550000000000000000e+02 1.108549618320610747e-01 7.260999999999999943e+01
6.580000000000000000e+02 2.014589665653495343e-01 1.325600000000000023e+02
6.570000000000000000e+02 4.517199391171993761e-01 2.967799999999999727e+02
6.610000000000000000e+02 2.357337367624810776e-01 1.558199999999999932e+02
6.620000000000000000e+02 3.202416918429002585e-02 2.119999999999999929e+01
6.580000000000000000e+02 4.930091185410333948e-02 3.243999999999999773e+01
6.500000000000000000e+02 1.340615384615384542e-01 8.714000000000000057e+01
6.520000000000000000e+02 2.219018404907975583e-01 1.446800000000000068e+02
6.580000000000000000e+02 3.310638297872340319e-01 2.178400000000000034e+02
6.580000000000000000e+02 8.498784194528875569e-01 5.592200000000000273e+02
6.600000000000000000e+02 4.753333333333333854e-01 3.137200000000000273e+02
6.620000000000000000e+02 9.015105740181267313e-02 5.967999999999999261e+01
6.610000000000000000e+02 7.735249621785174334e-02 5.113000000000000256e+01
6.580000000000000000e+02 5.658054711246201379e-02 3.723000000000000398e+01
6.550000000000000000e+02 9.297709923664123841e-03 6.090000000000000746e+00
6.530000000000000000e+02 1.688055130168453488e-01 1.102300000000000040e+02
6.550000000000000000e+02 2.377099236641221636e-01 1.557000000000000171e+02
6.580000000000000000e+02 4.829787234042553362e-02 3.178000000000000114e+01
6.560000000000000000e+02 4.285518292682926611e-01 2.811299999999999955e+02
6.540000000000000000e+02 1.886850152905198974e-01 1.234000000000000057e+02
6.590000000000000000e+02 9.084977238239756725e-02 5.986999999999999744e+01
6.600000000000000000e+02 2.995454545454545245e-02 1.976999999999999957e+01
6.620000000000000000e+02 7.188821752265861509e-02 4.759000000000000341e+01
6.560000000000000000e+02 4.033536585365853772e-02 2.646000000000000085e+01
6.550000000000000000e+02 7.303816793893129489e-02 4.783999999999999631e+01
6.570000000000000000e+02 5.477929984779299905e-02 3.599000000000000199e+01
6.560000000000000000e+02 1.879268292682926833e-01 1.232800000000000011e+02
6.570000000000000000e+02 2.805175038051750322e-02 1.842999999999999972e+01
6.580000000000000000e+02 1.458358662613981893e-01 9.596000000000000796e+01
6.580000000000000000e+02 1.496504559270516732e-01 9.846999999999999886e+01
6.550000000000000000e+02 9.774045801526716482e-02 6.401999999999999602e+01
6.570000000000000000e+02 9.668188736681886108e-02 6.351999999999999602e+01
6.580000000000000000e+02 6.034954407294833290e-02 3.971000000000000085e+01
6.560000000000000000e+02 1.642378048780487598e-01 1.077399999999999949e+02
6.600000000000000000e+02 2.139545454545454251e-01 1.412099999999999795e+02
6.590000000000000000e+02 2.350531107738998426e-02 1.549000000000000021e+01
6.520000000000000000e+02 1.467177914110429360e-01 9.565999999999999659e+01
6.540000000000000000e+02 6.651376146788991195e-02 4.350000000000000000e+01
6.540000000000000000e+02 6.970948012232415503e-02 4.558999999999999631e+01
6.540000000000000000e+02 6.706422018348623393e-02 4.385999999999999943e+01
6.520000000000000000e+02 4.659509202453988169e-02 3.038000000000000256e+01
6.580000000000000000e+02 2.479027355623100448e-01 1.631200000000000045e+02
6.620000000000000000e+02 4.645921450151057619e-01 3.075600000000000023e+02
6.630000000000000000e+02 5.956259426847662630e-02 3.949000000000000199e+01
6.600000000000000000e+02 1.609545454545454335e-01 1.062299999999999898e+02
6.600000000000000000e+02 5.532575757575757258e-01 3.651499999999999773e+02
6.610000000000000000e+02 1.077155824508320772e-02 7.120000000000000107e+00
6.600000000000000000e+02 4.463636363636364068e-02 2.946000000000000085e+01
6.580000000000000000e+02 4.262917933130698500e-02 2.804999999999999716e+01
6.550000000000000000e+02 1.917557251908397209e-02 1.256000000000000227e+01
6.570000000000000000e+02 3.123896499238965063e-01 2.052400000000000091e+02
6.560000000000000000e+02 8.218445121951221122e-01 5.391300000000001091e+02
6.540000000000000000e+02 6.126758409785932891e-01 4.006899999999999977e+02
6.590000000000000000e+02 2.507435508345978725e-01 1.652400000000000091e+02
6.570000000000000000e+02 7.273972602739725568e-02 4.778999999999999915e+01
6.520000000000000000e+02 8.476993865030674202e-02 5.526999999999999602e+01
6.500000000000000000e+02 5.655384615384614899e-02 3.675999999999999801e+01
6.520000000000000000e+02 1.309815950920245262e-02 8.539999999999999147e+00
6.520000000000000000e+02 3.056748466257668689e-02 1.992999999999999972e+01
6.480000000000000000e+02 3.898148148148147807e-02 2.525999999999999801e+01
6.490000000000000000e+02 9.553158705701078612e-02 6.200000000000000000e+01
6.490000000000000000e+02 1.643143297380585399e-01 1.066400000000000006e+02
6.500000000000000000e+02 3.209230769230769081e-02 2.085999999999999943e+01
6.480000000000000000e+02 2.918055555555555403e-01 1.890900000000000034e+02
6.510000000000000000e+02 9.387096774193548487e-02 6.110999999999999943e+01
6.520000000000000000e+02 2.937116564417177611e-02 1.914999999999999858e+01
6.540000000000000000e+02 2.238837920489296918e-01 1.464200000000000159e+02
