2.400000000000000000e+01 0.000000000000000000e+00 0.000000000000000000e+00
9.900000000000000000e+01 8.066666666666666430e+00 7.985999999999999091e+02
9.900000000000000000e+01 3.594444444444444553e+00 3.558500000000000227e+02
9.900000000000000000e+01 6.264848484848483778e+00 6.202199999999999136e+02
9.900000000000000000e+01 6.746464646464645831e+00 6.678999999999999773e+02
9.900000000000000000e+01 4.388585858585859256e+00 4.344700000000000273e+02
9.900000000000000000e+01 4.329999999999999183e+00 4.286699999999999591e+02
9.900000000000000000e+01 4.363535353535352712e+00 4.319899999999999523e+02
9.900000000000000000e+01 4.633737373737373488e+00 4.587400000000000091e+02
9.900000000000000000e+01 5.357373737373737121e+00 5.303799999999999955e+02
9.900000000000000000e+01 3.495454545454545148e+00 3.460499999999999545e+02
9.900000000000000000e+01 4.605555555555555181e+00 4.559499999999999886e+02
9.900000000000000000e+01 1.968989898989899068e+00 1.949300000000000068e+02
9.900000000000000000e+01 4.343939393939393767e+00 4.300500000000000114e+02
9.900000000000000000e+01 2.685858585858585723e+00 2.658999999999999773e+02
9.900000000000000000e+01 2.790707070707071136e+00 2.762800000000000296e+02
9.900000000000000000e+01 3.049595959595959194e+00 3.019099999999999682e+02
9.900000000000000000e+01 8.405050505050505327e-01 8.321000000000000796e+01
9.800000000000000000e+01 1.520510204081632954e+00 1.490100000000000193e+02
9.900000000000000000e+01 1.611919191919191752e+00 1.595799999999999841e+02
9.900000000000000000e+01 1.692020202020201980e+00 1.675099999999999909e+02
9.900000000000000000e+01 2.356666666666666909e+00 2.333100000000000023e+02
9.900000000000000000e+01 1.647979797979798322e+00 1.631500000000000341e+02
9.900000000000000000e+01 1.207070707070706961e+00 1.195000000000000000e+02
9.900000000000000000e+01 6.696969696969696795e-01 6.629999999999999716e+01
9.900000000000000000e+01 3.140707070707070780e+00 3.109300000000000068e+02
9.900000000000000000e+01 2.313434343434343177e+00 2.290299999999999727e+02
9.900000000000000000e+01 6.312121212121211133e-01 6.248999999999999488e+01
9.900000000000000000e+01 1.271313131313131395e+00 1.258599999999999994e+02
9.900000000000000000e+01 6.707070707070708071e-01 6.640000000000000568e+01
9.900000000000000000e+01 8.542424242424243586e-01 8.457000000000000739e+01
9.900000000000000000e+01 8.614141414141414099e-01 8.528000000000000114e+01
9.900000000000000000e+01 1.370808080808080920e+00 1.357100000000000080e+02
9.900000000000000000e+01 1.638888888888888840e+00 1.622500000000000000e+02
9.900000000000000000e+01 8.909090909090909838e-01 8.820000000000000284e+01
9.900000000000000000e+01 9.553535353535352881e-01 9.457999999999999829e+01
9.900000000000000000e+01 2.536363636363636043e-01 2.510999999999999943e+01
9.900000000000000000e+01 1.295555555555555571e+00 1.282599999999999909e+02
9.900000000000000000e+01 1.796565656565656699e+00 1.778600000000000136e+02
9.900000000000000000e+01 3.634343434343434986e-01 3.598000000000000398e+01
9.900000000000000000e+01 6.703030303030302894e-01 6.635999999999999943e+01
9.900000000000000000e+01 2.962626262626262275e-01 2.932999999999999829e+01
9.900000000000000000e+01 4.748484848484848531e-01 4.700999999999999801e+01
9.900000000000000000e+01 8.559595959595959203e-01 8.473999999999999488e+01
9.900000000000000000e+01 2.588888888888888573e+00 2.562999999999999545e+02
9.900000000000000000e+01 2.731818181818181923e+00 2.704499999999999886e+02
9.900000000000000000e+01 1.079393939393939350e+00 1.068599999999999994e+02
9.900000000000000000e+01 9.524242424242425065e-01 9.429000000000000625e+01
9.900000000000000000e+01 3.777777777777777679e-01 3.739999999999999858e+01
9.900000000000000000e+01 7.056565656565656486e-01 6.985999999999999943e+01
9.900000000000000000e+01 1.479696969696969511e+00 1.464899999999999807e+02
9.900000000000000000e+01 1.310303030303030303e+00 1.297199999999999989e+02
9.900000000000000000e+01 5.927272727272726582e-01 5.867999999999999261e+01
9.900000000000000000e+01 4.535353535353535692e-01 4.490000000000000568e+01
9.900000000000000000e+01 5.566666666666666430e-01 5.510999999999999943e+01
9.900000000000000000e+01 5.714141414141413744e-01 5.657000000000000028e+01
9.900000000000000000e+01 1.600505050505050431e+00 1.584499999999999886e+02
9.900000000000000000e+01 4.625353535353535328e+00 4.579100000000000250e+02
9.900000000000000000e+01 1.803030303030302983e+00 1.785000000000000000e+02
9.900000000000000000e+01 3.308989898989898926e+00 3.275899999999999750e+02
9.900000000000000000e+01 1.944343434343434041e+00 1.924899999999999807e+02
9.900000000000000000e+01 1.202020202020201989e+00 1.190000000000000000e+02
9.900000000000000000e+01 2.378787878787878896e+00 2.355000000000000000e+02
9.900000000000000000e+01 5.075757575757575690e-01 5.025000000000000000e+01
9.900000000000000000e+01 9.632323232323233286e-01 9.536000000000001364e+01
9.900000000000000000e+01 5.755555555555555980e-01 5.698000000000000398e+01
9.900000000000000000e+01 1.111313131313131475e+00 1.100200000000000102e+02
9.900000000000000000e+01 1.354747474747474811e+00 1.341200000000000045e+02
9.900000000000000000e+01 1.622424242424242102e+00 1.606199999999999761e+02
9.900000000000000000e+01 1.311414141414141143e+00 1.298299999999999841e+02
9.900000000000000000e+01 6.578787878787879517e-01 6.513000000000000966e+01
9.900000000000000000e+01 1.511313131313131386e+00 1.496200000000000045e+02
9.900000000000000000e+01 1.344848484848484738e+00 1.331399999999999864e+02
9.900000000000000000e+01 1.203131313131313052e+00 1.191099999999999994e+02
9.800000000000000000e+01 1.465102040816326445e+00 1.435799999999999841e+02
9.900000000000000000e+01 2.320202020202020154e-01 2.296999999999999886e+01
9.900000000000000000e+01 9.210101010101010566e-01 9.118000000000000682e+01
9.900000000000000000e+01 8.045454545454545636e-01 7.965000000000000568e+01
9.800000000000000000e+01 3.365306122448979975e-01 3.298000000000000398e+01
9.900000000000000000e+01 6.333333333333334147e-01 6.270000000000000284e+01
9.900000000000000000e+01 2.361616161616161558e-01 2.337999999999999901e+01
9.800000000000000000e+01 3.944897959183673031e-01 3.865999999999999659e+01
9.900000000000000000e+01 3.728282828282827865e-01 3.690999999999999659e+01
9.900000000000000000e+01 6.458585858585859096e-01 6.394000000000000483e+01
9.700000000000000000e+01 1.249793814432989647e+00 1.212300000000000040e+02
9.700000000000000000e+01 9.775257731958761909e-01 9.481999999999999318e+01
9.900000000000000000e+01 3.594444444444444553e+00 3.558500000000000227e+02
9.900000000000000000e+01 2.737070707070707432e+00 2.709700000000000273e+02
9.900000000000000000e+01 2.961212121212121406e+00 2.931600000000000250e+02
9.900000000000000000e+01 2.598888888888889248e+00 2.572900000000000205e+02
9.900000000000000000e+01 1.497272727272727533e+00 1.482300000000000182e+02
9.900000000000000000e+01 1.951010101010101083e+00 1.931500000000000057e+02
9.900000000000000000e+01 1.790101010101010193e+00 1.772199999999999989e+02
9.900000000000000000e+01 2.797171717171716754e+00 2.769199999999999591e+02
9.900000000000000000e+01 1.352323232323232371e+00 1.338799999999999955e+02
9.900000000000000000e+01 1.524141414141414019e+00 1.508899999999999864e+02
9.900000000000000000e+01 1.381212121212121335e+00 1.367400000000000091e+02
9.900000000000000000e+01 3.811111111111111782e-01 3.773000000000000398e+01
9.900000000000000000e+01 1.865959595959595818e+00 1.847299999999999898e+02
9.900000000000000000e+01 5.764646464646463464e-01 5.706999999999999318e+01
