2.200000000000000000e+01 0.000000000000000000e+00 0.000000000000000000e+00
4.900000000000000000e+01 7.900816326530613054e+00 3.871400000000000432e+02
4.900000000000000000e+01 7.748775510204081840e+00 3.796899999999999977e+02
4.900000000000000000e+01 6.001428571428572667e+00 2.940700000000000500e+02
4.900000000000000000e+01 8.155918367346938425e+00 3.996399999999999864e+02
4.900000000000000000e+01 7.111836734693877560e+00 3.484800000000000182e+02
4.900000000000000000e+01 4.823673469387755652e+00 2.363600000000000136e+02
4.900000000000000000e+01 6.281632653061224758e+00 3.078000000000000114e+02
4.900000000000000000e+01 5.816530612244898535e+00 2.850100000000000477e+02
4.900000000000000000e+01 6.888163265306123328e+00 3.375200000000000387e+02
4.900000000000000000e+01 6.583061224489795471e+00 3.225699999999999932e+02
4.900000000000000000e+01 5.056530612244897860e+00 2.477699999999999818e+02
4.900000000000000000e+01 4.424285714285714377e+00 2.167899999999999920e+02
4.900000000000000000e+01 6.260204081632653406e+00 3.067500000000000000e+02
4.900000000000000000e+01 3.827142857142856514e+00 1.875299999999999727e+02
4.900000000000000000e+01 4.844081632653061575e+00 2.373600000000000136e+02
4.900000000000000000e+01 4.377142857142857224e+00 2.144799999999999898e+02
4.900000000000000000e+01 2.915918367346938656e+00 1.428799999999999955e+02
4.900000000000000000e+01 3.453469387755101927e+00 1.692199999999999989e+02
4.900000000000000000e+01 3.913877551020408241e+00 1.917800000000000011e+02
4.900000000000000000e+01 2.282653061224489743e+00 1.118499999999999943e+02
4.900000000000000000e+01 4.394489795918366859e+00 2.153299999999999841e+02
4.900000000000000000e+01 3.640612244897959648e+00 1.783900000000000148e+02
4.900000000000000000e+01 1.541020408163265465e+00 7.551000000000000512e+01
4.900000000000000000e+01 3.079591836734694166e+00 1.509000000000000057e+02
4.900000000000000000e+01 2.782448979591837013e+00 1.363400000000000034e+02
4.900000000000000000e+01 1.656734693877551123e+00 8.118000000000000682e+01
4.900000000000000000e+01 3.062653061224489548e+00 1.500699999999999932e+02
4.900000000000000000e+01 2.692448979591836711e+00 1.319300000000000068e+02
4.900000000000000000e+01 1.857755102040816286e+00 9.103000000000000114e+01
4.900000000000000000e+01 2.294489795918367658e+00 1.124300000000000068e+02
4.900000000000000000e+01 1.833673469387754995e+00 8.984999999999999432e+01
4.900000000000000000e+01 1.139591836734693997e+00 5.584000000000000341e+01
4.900000000000000000e+01 1.179795918367346763e+00 5.780999999999999517e+01
4.900000000000000000e+01 6.775510204081632848e-01 3.320000000000000284e+01
4.800000000000000000e+01 2.504166666666666763e-01 1.201999999999999957e+01
4.800000000000000000e+01 8.104166666666667851e-01 3.890000000000000568e+01
4.900000000000000000e+01 1.245510204081632599e+00 6.103000000000000114e+01
4.900000000000000000e+01 3.184897959183673688e+00 1.560600000000000023e+02
4.900000000000000000e+01 2.824489795918367463e+00 1.384000000000000057e+02
4.900000000000000000e+01 1.007142857142857117e+00 4.935000000000000142e+01
4.900000000000000000e+01 1.081020408163265278e+00 5.296999999999999886e+01
4.900000000000000000e+01 1.954489795918367356e+00 9.576999999999999602e+01
4.900000000000000000e+01 9.204081632653060563e-01 4.509999999999999432e+01
4.900000000000000000e+01 3.818163265306122600e+00 1.870900000000000034e+02
4.900000000000000000e+01 3.272244897959183163e+00 1.603399999999999750e+02
4.900000000000000000e+01 2.669183673469388118e+00 1.307900000000000205e+02
4.900000000000000000e+01 1.570000000000000062e+00 7.693000000000000682e+01
4.900000000000000000e+01 1.153877551020408232e+00 5.653999999999999915e+01
4.900000000000000000e+01 1.140000000000000124e+00 5.586000000000000654e+01
4.900000000000000000e+01 3.227142857142857757e+00 1.581300000000000239e+02
4.900000000000000000e+01 2.200204081632652908e+00 1.078100000000000023e+02
4.900000000000000000e+01 1.231836734693877444e+00 6.035999999999999943e+01
4.900000000000000000e+01 3.836530612244898109e+00 1.879900000000000091e+02
4.900000000000000000e+01 3.244285714285713773e+00 1.589699999999999704e+02
4.900000000000000000e+01 2.956122448979591866e+00 1.448499999999999943e+02
4.900000000000000000e+01 3.127346938775510399e+00 1.532400000000000091e+02
4.900000000000000000e+01 3.038979591836734606e+00 1.489099999999999966e+02
4.900000000000000000e+01 3.221428571428571974e+00 1.578500000000000227e+02
4.900000000000000000e+01 2.827755102040816482e+00 1.385600000000000023e+02
4.900000000000000000e+01 2.277346938775509866e+00 1.115899999999999892e+02
4.900000000000000000e+01 2.591428571428571193e+00 1.269799999999999898e+02
4.900000000000000000e+01 2.696734693877550715e+00 1.321399999999999864e+02
4.900000000000000000e+01 7.083673469387755661e-01 3.471000000000000085e+01
4.900000000000000000e+01 2.731836734693877666e+00 1.338600000000000136e+02
4.900000000000000000e+01 2.454285714285714182e+00 1.202600000000000051e+02
4.900000000000000000e+01 9.895918367346937528e-01 4.848999999999999488e+01
4.900000000000000000e+01 1.485510204081632812e+00 7.279000000000000625e+01
4.900000000000000000e+01 3.345102040816327005e+00 1.639100000000000250e+02
4.900000000000000000e+01 2.034693877551020158e+00 9.969999999999998863e+01
4.900000000000000000e+01 2.113265306122449338e+00 1.035500000000000114e+02
4.900000000000000000e+01 2.478367346938775473e+00 1.214399999999999977e+02
4.900000000000000000e+01 1.068979591836734633e+00 5.237999999999999545e+01
4.900000000000000000e+01 2.471224489795918355e+00 1.210899999999999892e+02
4.900000000000000000e+01 1.514693877551020362e+00 7.421999999999999886e+01
4.900000000000000000e+01 3.197959183673469430e-01 1.566999999999999993e+01
4.900000000000000000e+01 1.952653061224489894e+00 9.568000000000000682e+01
4.900000000000000000e+01 2.526734693877551230e+00 1.238100000000000023e+02
4.900000000000000000e+01 2.550408163265306172e+00 1.249699999999999989e+02
4.900000000000000000e+01 2.140408163265306030e+00 1.048799999999999955e+02
4.900000000000000000e+01 1.643265306122448921e+00 8.051999999999999602e+01
4.900000000000000000e+01 2.224489795918367652e-02 1.090000000000000080e+00
4.900000000000000000e+01 5.638775510204082630e-01 2.763000000000000256e+01
4.900000000000000000e+01 2.128979591836734908e+00 1.043200000000000074e+02
4.900000000000000000e+01 1.236326530612245067e+00 6.058000000000000540e+01
4.900000000000000000e+01 1.929591836734693810e+00 9.454999999999999716e+01
4.900000000000000000e+01 1.514693877551020362e+00 7.421999999999999886e+01
4.900000000000000000e+01 1.254897959183673528e+00 6.149000000000000199e+01
4.900000000000000000e+01 8.181632653061224891e-01 4.009000000000000341e+01
4.900000000000000000e+01 1.509999999999999787e+00 7.398999999999999488e+01
4.900000000000000000e+01 1.072857142857142954e+00 5.257000000000000028e+01
4.900000000000000000e+01 1.328571428571428514e+00 6.509999999999999432e+01
4.900000000000000000e+01 1.320000000000000062e+00 6.468000000000000682e+01
4.900000000000000000e+01 9.228571428571428203e-01 4.521999999999999886e+01
4.900000000000000000e+01 1.135918367346938629e+00 5.565999999999999659e+01
4.900000000000000000e+01 1.291428571428571370e+00 6.328000000000000114e+01
4.900000000000000000e+01 3.031632653061224314e+00 1.485499999999999829e+02
4.900000000000000000e+01 2.621836734693877347e+00 1.284699999999999989e+02
4.900000000000000000e+01 3.739183673469387514e+00 1.832199999999999989e+02
4.900000000000000000e+01 3.280204081632653423e+00 1.607300000000000182e+02
